Date,Stock Code,Board,Previous Price,Last Price,Open Price,High Price,Low Price,Volume,Value
2024-08-22,AALI,RG,6025.00,6100.00,6125.00,6000.00,6075.00,431700,2605930000
2024-08-22,ABBA,RG,28.00,28.00,28.00,28.00,28.00,573600,16060800
2024-08-22,ABDA,RG,4500.00,0.00,0.00,0.00,4500.00,0,0
2024-08-22,ABMM,RG,3820.00,3840.00,3860.00,3800.00,3840.00,3229400,12353490000
2024-08-22,ACES,RG,720.00,730.00,730.00,710.00,730.00,71948700,51806649500
2024-08-22,ACRO,RG,78.00,80.00,80.00,77.00,80.00,1747400,136673600
2024-08-22,ACST,RG,118.00,125.00,125.00,118.00,124.00,13993500,1686211700
2024-08-22,ADCP,RG,50.00,50.00,52.00,50.00,50.00,29520800,1484618700
2024-08-22,ADES,RG,9800.00,9800.00,9800.00,9800.00,9800.00,8700,85260000
2024-08-22,ADHI,RG,286.00,292.00,296.00,284.00,292.00,28363100,8180283800
2024-08-22,ADMF,RG,11425.00,11525.00,11525.00,11150.00,11525.00,219700,2495925000
2024-08-22,ADMG,RG,127.00,128.00,133.00,123.00,128.00,474000,59613700
2024-08-22,ADMR,RG,1270.00,1280.00,1290.00,1260.00,1280.00,40271300,51248426000
2024-08-22,ADRO,RG,3360.00,3240.00,3390.00,3200.00,3260.00,113355100,377683065000
2024-08-22,AGAR,RG,442.00,456.00,460.00,442.00,448.00,58900,26352200
2024-08-22,AGII,RG,1685.00,1695.00,1700.00,1685.00,1695.00,5400,9125500
2024-08-22,AGRO,RG,254.00,258.00,272.00,254.00,258.00,45371200,11852284000
2024-08-22,AGRS,RG,74.00,75.00,78.00,73.00,74.00,10873400,826288500
2024-08-22,AHAP,RG,117.00,120.00,122.00,116.00,120.00,14309000,1686448300
2024-08-22,AIMS,RG,505.00,500.00,510.00,492.00,505.00,606100,305688900
2024-08-22,AISA,RG,127.00,130.00,131.00,125.00,129.00,7522300,953914300
2024-08-22,AKKU,RG,11.00,11.00,11.00,11.00,11.00,64000,704000
2024-08-22,AKPI,RG,635.00,640.00,700.00,630.00,640.00,16100,10566500
2024-08-22,AKRA,RG,1460.00,1485.00,1500.00,1460.00,1500.00,23827500,35192266500
2024-08-22,AKSI,RG,116.00,116.00,117.00,114.00,115.00,75100,8731300
2024-08-22,ALDO,RG,400.00,394.00,404.00,392.00,394.00,27300,10838600
2024-08-22,ALKA,RG,314.00,322.00,322.00,314.00,322.00,22900,7320800
2024-08-22,ALMI,RG,68.00,65.00,68.00,65.00,65.00,82100,5490700
2024-08-22,ALTO,RG,16.00,16.00,16.00,15.00,16.00,144600,2311000
2024-08-22,AMAG,RG,380.00,380.00,384.00,370.00,384.00,64600,24351800
2024-08-22,AMAN,RG,111.00,111.00,111.00,109.00,111.00,1133700,125278500
2024-08-22,AMAR,RG,212.00,214.00,216.00,202.00,214.00,1063200,222722600
2024-08-22,AMFG,RG,4700.00,4650.00,4700.00,4640.00,4700.00,8600,40011000
2024-08-22,AMIN,RG,142.00,141.00,150.00,139.00,141.00,58000,8163600
2024-08-22,AMMN,RG,10675.00,10375.00,10775.00,10375.00,10375.00,31109800,327825017500
2024-08-22,AMMS,RG,24.00,21.00,24.00,21.00,22.00,3007900,70738500
2024-08-22,AMOR,RG,620.00,620.00,635.00,605.00,610.00,82700,51400000
2024-08-22,AMRT,RG,2890.00,2870.00,2910.00,2860.00,2910.00,10813000,31258625000
2024-08-22,ANDI,RG,7.00,6.00,7.00,6.00,6.00,34609600,221942700
2024-08-22,ANJT,RG,695.00,710.00,710.00,695.00,710.00,1037300,726941000
2024-08-22,ANTM,RG,1440.00,1470.00,1475.00,1430.00,1470.00,73634500,106545837500
2024-08-22,APEX,RG,138.00,144.00,144.00,138.00,143.00,2873700,401556400
2024-08-22,APIC,RG,1060.00,1065.00,1065.00,1050.00,1065.00,4995200,5272270000
2024-08-22,APII,RG,176.00,175.00,177.00,175.00,175.00,4400,772400
2024-08-22,APLI,RG,595.00,595.00,595.00,595.00,595.00,100,59500
2024-08-22,APLN,RG,109.00,112.00,113.00,109.00,112.00,19102400,2104264600
2024-08-22,ARCI,RG,294.00,302.00,304.00,290.00,302.00,3217900,951639000
2024-08-22,AREA,RG,230.00,210.00,240.00,210.00,210.00,29579600,6675230000
2024-08-22,ARGO,RG,1810.00,1735.00,1925.00,1715.00,1710.00,160700,300957000
2024-08-22,ARII,RG,252.00,250.00,254.00,248.00,250.00,75100,18708400
2024-08-22,ARKA,RG,14.00,14.00,14.00,14.00,14.00,127800,1789200
2024-08-22,ARKO,RG,1070.00,1155.00,1155.00,1020.00,1155.00,6271300,6778524500
2024-08-22,ARMY,RG,50.00,0.00,0.00,0.00,50.00,0,0
2024-08-22,ARNA,RG,700.00,705.00,705.00,690.00,705.00,2863000,1996108500
2024-08-22,ARTA,RG,2370.00,2370.00,2370.00,2370.00,2380.00,112500,266625000
2024-08-22,ARTI,RG,2.00,0.00,0.00,0.00,2.00,0,0
2024-08-22,ARTO,RG,2870.00,2900.00,2960.00,2850.00,2900.00,17764700,51514723000
2024-08-22,ASBI,RG,900.00,0.00,0.00,0.00,900.00,0,0
2024-08-22,ASDM,RG,498.00,496.00,500.00,492.00,498.00,13600,6749200
2024-08-22,ASGR,RG,825.00,830.00,830.00,820.00,830.00,469300,386151000
2024-08-22,ASHA,RG,13.00,12.00,13.00,12.00,12.00,2885900,35348800
2024-08-22,ASII,RG,5000.00,5025.00,5050.00,4990.00,5075.00,63177200,316614103000
2024-08-22,ASJT,RG,113.00,114.00,116.00,113.00,112.00,73900,8470500
2024-08-22,ASLC,RG,100.00,103.00,103.00,100.00,103.00,5608800,564165800
2024-08-22,ASLI,RG,50.00,50.00,50.00,50.00,50.00,144500,7225000
2024-08-22,ASMI,RG,6.00,7.00,7.00,6.00,6.00,10567000,63560500
2024-08-22,ASPI,RG,386.00,372.00,388.00,362.00,372.00,15663300,5880994200
2024-08-22,ASRI,RG,151.00,151.00,153.00,147.00,151.00,22696400,3417146000
2024-08-22,ASRM,RG,376.00,376.00,376.00,374.00,376.00,16300,6120400
2024-08-22,ASSA,RG,730.00,765.00,770.00,730.00,765.00,8518300,6325674000
2024-08-22,ATAP,RG,50.00,50.00,50.00,50.00,50.00,3000,150000
2024-08-22,ATIC,RG,398.00,392.00,400.00,380.00,392.00,311800,123006000
2024-08-22,ATLA,RG,50.00,50.00,50.00,50.00,50.00,492800,24640000
2024-08-22,AUTO,RG,2200.00,2180.00,2250.00,2150.00,2180.00,12729000,27968577000
2024-08-22,AVIA,RG,474.00,474.00,484.00,472.00,480.00,18374600,8781380200
2024-08-22,AWAN,RG,302.00,304.00,304.00,302.00,302.00,85400,25807600
2024-08-22,AXIO,RG,148.00,144.00,148.00,143.00,144.00,273000,39836500
2024-08-22,AYLS,RG,50.00,50.00,50.00,50.00,50.00,35400,1770000
2024-08-22,BABP,RG,78.00,85.00,85.00,76.00,82.00,264270600,21343324500
2024-08-22,BABY,RG,206.00,212.00,212.00,206.00,212.00,229700,47815600
2024-08-22,BACA,RG,131.00,131.00,132.00,130.00,132.00,1530500,200469600
2024-08-22,BAIK,RG,63.00,68.00,68.00,63.00,63.00,1684600,108080500
2024-08-22,BAJA,RG,105.00,95.00,105.00,95.00,104.00,400200,41681700
2024-08-22,BALI,RG,840.00,840.00,840.00,840.00,845.00,3600,3024000
2024-08-22,BANK,RG,875.00,875.00,885.00,865.00,875.00,3440600,3012689500
2024-08-22,BAPA,RG,55.00,55.00,55.00,52.00,55.00,1792400,96778500
2024-08-22,BAPI,RG,41.00,41.00,41.00,41.00,45.00,9200,377200
2024-08-22,BATA,RG,62.00,63.00,63.00,62.00,63.00,72200,4476600
2024-08-22,BATR,RG,80.00,80.00,81.00,79.00,80.00,5707900,454371000
2024-08-22,BAUT,RG,16.00,15.00,16.00,15.00,16.00,1715800,26191600
2024-08-22,BAYU,RG,1370.00,1375.00,1380.00,1370.00,1375.00,84000,115304000
2024-08-22,BBCA,RG,10325.00,10350.00,10400.00,10225.00,10425.00,56611600,584047257500
2024-08-22,BBHI,RG,1000.00,1030.00,1040.00,980.00,1030.00,2474300,2473513500
2024-08-22,BBKP,RG,61.00,66.00,67.00,60.00,66.00,749532300,47523087600
2024-08-22,BBLD,RG,665.00,650.00,665.00,650.00,665.00,2200,1442000
2024-08-22,BBMD,RG,2030.00,2050.00,2050.00,2020.00,2050.00,3900,7921000
2024-08-22,BBNI,RG,5275.00,5425.00,5425.00,5225.00,5450.00,72626600,387105707500
2024-08-22,BBRI,RG,5050.00,5125.00,5150.00,5025.00,5100.00,474043100,2406021110000
2024-08-22,BBRM,RG,63.00,63.00,63.00,60.00,62.00,345800,21418000
2024-08-22,BBSI,RG,4250.00,0.00,0.00,0.00,4250.00,0,0
2024-08-22,BBSS,RG,186.00,190.00,192.00,185.00,190.00,2095300,392809100
2024-08-22,BBTN,RG,1320.00,1350.00,1350.00,1320.00,1350.00,27867900,37147943500
2024-08-22,BBYB,RG,268.00,280.00,286.00,268.00,280.00,75066600,20704913200
2024-08-22,BCAP,RG,111.00,112.00,112.00,106.00,105.00,76199700,8373504700
2024-08-22,BCIC,RG,93.00,94.00,94.00,93.00,95.00,304300,28469900
2024-08-22,BCIP,RG,50.00,51.00,51.00,50.00,50.00,1519400,76296600
2024-08-22,BDKR,RG,815.00,770.00,815.00,770.00,775.00,49789800,39531482500
2024-08-22,BDMN,RG,2580.00,2630.00,2630.00,2580.00,2630.00,1288800,3337573000
2024-08-22,BEBS,RG,6.00,5.00,6.00,5.00,5.00,12784900,71267100
2024-08-22,BEEF,RG,150.00,150.00,155.00,146.00,150.00,126300,19039300
2024-08-22,BEER,RG,218.00,214.00,218.00,214.00,216.00,2300,497400
2024-08-22,BEKS,RG,24.00,25.00,25.00,24.00,25.00,25424400,619966300
2024-08-22,BELI,RG,450.00,450.00,452.00,450.00,450.00,236700,106701600
2024-08-22,BELL,RG,55.00,55.00,57.00,55.00,56.00,731600,40922800
2024-08-22,BESS,RG,164.00,166.00,168.00,164.00,165.00,56100,9348000
2024-08-22,BEST,RG,115.00,117.00,117.00,113.00,117.00,9204500,1057284400
2024-08-22,BFIN,RG,985.00,990.00,1005.00,970.00,990.00,9051100,8953211500
2024-08-22,BGTG,RG,64.00,64.00,67.00,63.00,64.00,12918800,838304300
2024-08-22,BHAT,RG,470.00,472.00,474.00,464.00,470.00,11113100,5202689000
2024-08-22,BHIT,RG,46.00,49.00,49.00,46.00,50.00,39275100,1877194300
2024-08-22,BIKA,RG,55.00,0.00,0.00,0.00,55.00,0,0
2024-08-22,BIKE,RG,715.00,715.00,725.00,695.00,715.00,8960700,6382113000
2024-08-22,BIMA,RG,81.00,83.00,83.00,81.00,82.00,1108200,90577800
2024-08-22,BINA,RG,4030.00,4050.00,4080.00,4030.00,4090.00,136800,553313000
2024-08-22,BINO,RG,144.00,146.00,146.00,143.00,145.00,240600,34633800
2024-08-22,BIPI,RG,68.00,71.00,72.00,68.00,71.00,232521600,16138835700
2024-08-22,BIPP,RG,29.00,29.00,29.00,29.00,27.00,4500,130500
2024-08-22,BIRD,RG,1715.00,1755.00,1765.00,1715.00,1755.00,3779700,6541927500
2024-08-22,BISI,RG,1565.00,1610.00,1610.00,1550.00,1610.00,279500,445143000
2024-08-22,BJBR,RG,995.00,1000.00,1005.00,990.00,1000.00,2845200,2836055500
2024-08-22,BJTM,RG,555.00,565.00,565.00,555.00,565.00,10549100,5875718000
2024-08-22,BKDP,RG,50.00,50.00,50.00,50.00,50.00,10300,515000
2024-08-22,BKSL,RG,42.00,42.00,42.00,42.00,42.00,10798900,453553800
2024-08-22,BKSW,RG,62.00,63.00,63.00,62.00,61.00,554300,34802800
2024-08-22,BLES,RG,242.00,220.00,248.00,220.00,226.00,41509200,9904851800
2024-08-22,BLTA,RG,19.00,19.00,19.00,18.00,19.00,8428600,153367000
2024-08-22,BLTZ,RG,1885.00,1910.00,1940.00,1845.00,1910.00,1700,3210500
2024-08-22,BLUE,RG,342.00,344.00,350.00,342.00,346.00,133700,46422400
2024-08-22,BMAS,RG,500.00,500.00,510.00,498.00,500.00,25300,12712300
2024-08-22,BMBL,RG,9.00,8.00,9.00,8.00,8.00,2208800,17973700
2024-08-22,BMHS,RG,298.00,300.00,300.00,294.00,300.00,1279200,379707000
2024-08-22,BMRI,RG,7050.00,7150.00,7175.00,6925.00,7250.00,157323000,1108447025000
2024-08-22,BMSR,RG,324.00,330.00,330.00,318.00,326.00,29100,9487600
2024-08-22,BMTR,RG,228.00,234.00,236.00,228.00,234.00,47074700,10824167800
2024-08-22,BNBA,RG,835.00,835.00,845.00,815.00,835.00,239000,198467000
2024-08-22,BNBR,RG,28.00,28.00,28.00,28.00,28.00,3152600,88272800
2024-08-22,BNGA,RG,1865.00,1890.00,1900.00,1860.00,1890.00,10348000,19394775000
2024-08-22,BNII,RG,250.00,258.00,266.00,250.00,258.00,6928800,1790509800
2024-08-22,BNLI,RG,1165.00,935.00,1165.00,930.00,935.00,7774500,8574425500
2024-08-22,BOBA,RG,170.00,170.00,170.00,160.00,170.00,65800,10716400
2024-08-22,BOGA,RG,845.00,845.00,850.00,835.00,845.00,100493900,84616002000
2024-08-22,BOLA,RG,106.00,107.00,110.00,102.00,107.00,1340900,141837200
2024-08-22,BOLT,RG,965.00,970.00,980.00,965.00,970.00,928300,902426000
2024-08-22,BOSS,RG,50.00,0.00,0.00,0.00,50.00,0,0
2024-08-22,BPFI,RG,318.00,316.00,318.00,316.00,316.00,8600,2726000
2024-08-22,BPII,RG,515.00,520.00,520.00,494.00,510.00,607600,309752000
2024-08-22,BPTR,RG,83.00,82.00,83.00,81.00,83.00,446700,36656100
2024-08-22,BRAM,RG,5875.00,5850.00,5900.00,5850.00,5900.00,700,4117500
2024-08-22,BREN,RG,9375.00,9625.00,9625.00,9225.00,9525.00,25542900,240445400000
2024-08-22,BRIS,RG,2620.00,2680.00,2690.00,2610.00,2680.00,40421700,106694441000
2024-08-22,BRMS,RG,156.00,164.00,164.00,156.00,161.00,161656100,25518094800
2024-08-22,BRNA,RG,590.00,0.00,0.00,0.00,590.00,0,0
2024-08-22,BRPT,RG,1100.00,1090.00,1130.00,1085.00,1100.00,124179600,137723033000
2024-08-22,BSBK,RG,61.00,64.00,64.00,61.00,63.00,47645800,2927373300
2024-08-22,BSDE,RG,1150.00,1165.00,1170.00,1150.00,1165.00,11869100,13699285500
2024-08-22,BSIM,RG,870.00,855.00,870.00,850.00,855.00,9800,8488500
2024-08-22,BSML,RG,110.00,111.00,112.00,109.00,110.00,1080500,118777800
2024-08-22,BSSR,RG,4410.00,4450.00,4450.00,4340.00,4450.00,1648100,7238321000
2024-08-22,BSWD,RG,3000.00,0.00,0.00,0.00,3000.00,0,0
2024-08-22,BTEK,RG,4.00,4.00,4.00,3.00,4.00,26290100,102041300
2024-08-22,BTEL,RG,50.00,0.00,0.00,0.00,50.00,0,0
2024-08-22,BTON,RG,416.00,418.00,418.00,414.00,416.00,2100,875800
2024-08-22,BTPN,RG,2360.00,2360.00,2370.00,2340.00,2360.00,15500,36574000
2024-08-22,BTPS,RG,1205.00,1230.00,1240.00,1200.00,1235.00,9357600,11370613500
2024-08-22,BUAH,RG,1450.00,1455.00,1455.00,1435.00,1450.00,388000,559732000
2024-08-22,BUDI,RG,232.00,234.00,234.00,230.00,234.00,445800,102728000
2024-08-22,BUKA,RG,118.00,122.00,123.00,118.00,122.00,133083600,15957221900
2024-08-22,BUKK,RG,990.00,990.00,990.00,970.00,990.00,12500,12197000
2024-08-22,BULL,RG,106.00,0.00,0.00,0.00,106.00,0,0
2024-08-22,BUMI,RG,91.00,93.00,96.00,90.00,94.00,784336000,72222797500
2024-08-22,BUVA,RG,54.00,54.00,54.00,53.00,54.00,61500,3260100
2024-08-22,BVIC,RG,82.00,85.00,86.00,82.00,86.00,8551000,710099600
2024-08-22,BWPT,RG,52.00,53.00,54.00,52.00,53.00,3702000,193263000
2024-08-22,BYAN,RG,17000.00,17125.00,17125.00,16875.00,16975.00,37300,633042500
2024-08-22,CAKK,RG,143.00,132.00,155.00,132.00,141.00,5453100,790709800
2024-08-22,CAMP,RG,358.00,340.00,374.00,340.00,340.00,36179000,13174443800
2024-08-22,CANI,RG,39.00,43.00,43.00,39.00,43.00,40000,1566400
2024-08-22,CARE,RG,78.00,79.00,80.00,78.00,79.00,3081300,242212500
2024-08-22,CARS,RG,82.00,83.00,84.00,81.00,83.00,10352500,847419900
2024-08-22,CASA,RG,498.00,510.00,510.00,496.00,510.00,5697400,2851876900
2024-08-22,CASH,RG,75.00,76.00,76.00,73.00,76.00,47200,3500100
2024-08-22,CASS,RG,1305.00,1305.00,1315.00,1290.00,1305.00,314700,407583000
2024-08-22,CBMF,RG,50.00,0.00,0.00,0.00,50.00,0,0
2024-08-22,CBPE,RG,155.00,161.00,161.00,155.00,161.00,833900,130328700
2024-08-22,CBRE,RG,20.00,20.00,20.00,19.00,20.00,818800,16282100
2024-08-22,CBUT,RG,1640.00,1560.00,1840.00,1560.00,1530.00,241800,411590500
2024-08-22,CCSI,RG,298.00,300.00,306.00,292.00,306.00,284400,84341000
2024-08-22,CEKA,RG,2050.00,2060.00,2080.00,2050.00,2060.00,63500,130529000
2024-08-22,CENT,RG,39.00,40.00,40.00,39.00,39.00,294400,11504600
2024-08-22,CFIN,RG,408.00,418.00,420.00,406.00,418.00,9040600,3723436000
2024-08-22,CGAS,RG,124.00,120.00,130.00,119.00,121.00,11189800,1395373200
2024-08-22,CHEM,RG,70.00,71.00,71.00,70.00,71.00,1954300,137654000
2024-08-22,CHIP,RG,1450.00,1450.00,1450.00,1435.00,1450.00,140900,203247000
2024-08-22,CINT,RG,144.00,144.00,144.00,140.00,144.00,7600,1090900
2024-08-22,CITA,RG,2450.00,2410.00,2450.00,2410.00,2410.00,4000,9780000
2024-08-22,CITY,RG,50.00,50.00,50.00,50.00,50.00,4600,230000
2024-08-22,CLAY,RG,184.00,0.00,0.00,0.00,184.00,0,0
2024-08-22,CLEO,RG,1135.00,1140.00,1150.00,1130.00,1145.00,2443200,2788690000
2024-08-22,CLPI,RG,1060.00,1065.00,1065.00,1040.00,1060.00,91900,96514000
2024-08-22,CMNP,RG,1480.00,1480.00,1490.00,1475.00,1480.00,316000,467659000
2024-08-22,CMNT,RG,1020.00,1025.00,1030.00,995.00,1030.00,25651400,25780647500
2024-08-22,CMPP,RG,66.00,65.00,66.00,65.00,65.00,177600,11687700
2024-08-22,CMRY,RG,5225.00,5275.00,5275.00,5150.00,5300.00,2107300,10929635000
2024-08-22,CNKO,RG,4.00,4.00,5.00,4.00,5.00,17054800,74473400
2024-08-22,CNMA,RG,220.00,224.00,226.00,220.00,224.00,19681100,4370835200
2024-08-22,CNTB,RG,250.00,0.00,0.00,0.00,250.00,0,0
2024-08-22,CNTX,RG,142.00,0.00,0.00,0.00,142.00,0,0
2024-08-22,COAL,RG,36.00,36.00,36.00,36.00,36.00,3389900,122036400
2024-08-22,COCO,RG,109.00,107.00,121.00,104.00,100.00,22540900,2579680300
2024-08-22,COWL,RG,50.00,0.00,0.00,0.00,50.00,0,0
2024-08-22,CPIN,RG,5075.00,5025.00,5075.00,5000.00,5050.00,9050700,45707445000
2024-08-22,CPRI,RG,50.00,0.00,0.00,0.00,50.00,0,0
2024-08-22,CPRO,RG,50.00,50.00,50.00,50.00,50.00,2747000,137350000
2024-08-22,CRAB,RG,260.00,260.00,260.00,256.00,260.00,3680900,948976400
2024-08-22,CRSN,RG,94.00,94.00,95.00,91.00,95.00,127600,11802900
2024-08-22,CSAP,RG,468.00,476.00,476.00,468.00,476.00,86200,40652400
2024-08-22,CSIS,RG,50.00,50.00,50.00,50.00,50.00,580800,29040000
2024-08-22,CSMI,RG,2860.00,0.00,0.00,0.00,2860.00,0,0
2024-08-22,CSRA,RG,745.00,750.00,785.00,715.00,745.00,2888800,2156228500
2024-08-22,CTBN,RG,1800.00,1800.00,1800.00,1800.00,1775.00,300,540000
2024-08-22,CTRA,RG,1295.00,1320.00,1320.00,1290.00,1325.00,19487300,25366697500
2024-08-22,CTTH,RG,29.00,29.00,29.00,29.00,27.00,206700,5994300
2024-08-22,CUAN,RG,7850.00,8075.00,8125.00,7825.00,8100.00,4936500,39245522500
2024-08-22,CYBR,RG,298.00,304.00,304.00,292.00,302.00,19993700,5921707200
2024-08-22,DADA,RG,7.00,7.00,7.00,6.00,7.00,6499000,44659300
2024-08-22,DART,RG,212.00,222.00,222.00,210.00,222.00,785600,168484400
2024-08-22,DATA,RG,414.00,414.00,434.00,412.00,412.00,5996100,2517024000
2024-08-22,DAYA,RG,358.00,362.00,362.00,354.00,360.00,12400,4410400
2024-08-22,DCII,RG,41600.00,41600.00,41600.00,41600.00,41850.00,100,4160000
2024-08-22,DEAL,RG,6.00,0.00,0.00,0.00,6.00,0,0
2024-08-22,DEFI,RG,1455.00,0.00,0.00,0.00,1455.00,0,0
2024-08-22,DEPO,RG,298.00,298.00,298.00,298.00,298.00,27800,8284400
2024-08-22,DEWA,RG,66.00,69.00,69.00,66.00,69.00,137455600,9254226600
2024-08-22,DEWI,RG,65.00,67.00,67.00,65.00,67.00,9624000,634695000
2024-08-22,DFAM,RG,50.00,50.00,51.00,50.00,50.00,354700,17736200
2024-08-22,DGIK,RG,86.00,89.00,89.00,85.00,88.00,3575400,307719500
2024-08-22,DGNS,RG,230.00,234.00,242.00,226.00,234.00,2088600,488834400
2024-08-22,DIGI,RG,17.00,16.00,17.00,16.00,16.00,353900,5895200
2024-08-22,DILD,RG,183.00,187.00,188.00,183.00,187.00,24500800,4515709100
2024-08-22,DIVA,RG,123.00,127.00,134.00,120.00,121.00,3066600,387254500
2024-08-22,DKFT,RG,123.00,127.00,127.00,122.00,127.00,12721400,1576220400
2024-08-22,DLTA,RG,2520.00,2540.00,2540.00,2520.00,2540.00,82000,207146000
2024-08-22,DMAS,RG,158.00,161.00,161.00,158.00,161.00,17653400,2810118700
2024-08-22,DMMX,RG,126.00,127.00,128.00,126.00,127.00,204900,26014900
2024-08-22,DMND,RG,810.00,810.00,810.00,810.00,810.00,126600,102546000
2024-08-22,DNAR,RG,85.00,77.00,85.00,77.00,85.00,385300,32505600
2024-08-22,DNET,RG,5100.00,5100.00,5100.00,5075.00,5100.00,5900,30082500
2024-08-22,DOID,RG,700.00,705.00,710.00,690.00,705.00,9137500,6408367000
2024-08-22,DOOH,RG,62.00,63.00,64.00,60.00,62.00,287947800,18076347200
2024-08-22,DOSS,RG,228.00,230.00,230.00,224.00,230.00,3633200,826403000
2024-08-22,DPNS,RG,354.00,356.00,358.00,354.00,356.00,25900,9199000
2024-08-22,DPUM,RG,54.00,55.00,55.00,54.00,53.00,406500,22253100
2024-08-22,DRMA,RG,1045.00,1060.00,1065.00,1035.00,1065.00,2684500,2812409500
2024-08-22,DSFI,RG,54.00,54.00,56.00,53.00,54.00,3127500,170207700
2024-08-22,DSNG,RG,775.00,760.00,775.00,750.00,760.00,38245900,29215071500
2024-08-22,DSSA,RG,41100.00,41150.00,41625.00,40825.00,41100.00,1238000,51082802500
2024-08-22,DUCK,RG,176.00,0.00,0.00,0.00,176.00,0,0
2024-08-22,DUTI,RG,3950.00,3950.00,3950.00,3950.00,3960.00,800,3160000
2024-08-22,DVLA,RG,1660.00,1690.00,1690.00,1660.00,1690.00,42600,71257000
2024-08-22,DWGL,RG,109.00,105.00,112.00,105.00,105.00,315100,33674200
2024-08-22,DYAN,RG,119.00,120.00,121.00,115.00,120.00,12523100,1474828000
2024-08-22,EAST,RG,121.00,123.00,123.00,121.00,122.00,291100,35463900
2024-08-22,ECII,RG,248.00,244.00,248.00,234.00,248.00,20300,4952800
2024-08-22,EDGE,RG,3830.00,3970.00,3970.00,3800.00,3920.00,38600,148299000
2024-08-22,EKAD,RG,226.00,222.00,226.00,220.00,222.00,1097100,244377200
2024-08-22,ELIT,RG,111.00,114.00,114.00,110.00,113.00,2815100,315013200
2024-08-22,ELPI,RG,318.00,324.00,324.00,318.00,324.00,2387100,765337200
2024-08-22,ELSA,RG,480.00,484.00,484.00,478.00,484.00,39934400,19166814800
2024-08-22,ELTY,RG,8.00,8.00,8.00,8.00,8.00,22012200,176097600
2024-08-22,EMDE,RG,162.00,168.00,169.00,158.00,166.00,150800,24502300
2024-08-22,EMTK,RG,396.00,410.00,412.00,394.00,410.00,41701300,16725088000
2024-08-22,ENAK,RG,985.00,980.00,985.00,980.00,980.00,3100,3040500
2024-08-22,ENRG,RG,202.00,216.00,220.00,202.00,216.00,50310600,10418125600
2024-08-22,ENVY,RG,50.00,0.00,0.00,0.00,50.00,0,0
2024-08-22,ENZO,RG,39.00,39.00,39.00,39.00,39.00,3300,128700
2024-08-22,EPAC,RG,9.00,9.00,9.00,9.00,9.00,1583900,14255100
2024-08-22,EPMT,RG,2470.00,2490.00,2490.00,2470.00,2490.00,1900,4702000
2024-08-22,ERAA,RG,424.00,432.00,436.00,422.00,436.00,29762200,12684600200
2024-08-22,ERAL,RG,242.00,254.00,254.00,238.00,254.00,6584400,1621497200
2024-08-22,ERTX,RG,126.00,118.00,129.00,118.00,126.00,538000,68123900
2024-08-22,ESIP,RG,27.00,26.00,27.00,25.00,26.00,354300,9257800
2024-08-22,ESSA,RG,775.00,795.00,795.00,775.00,795.00,13550000,10565536000
2024-08-22,ESTA,RG,120.00,120.00,120.00,119.00,120.00,57700,6922500
2024-08-22,ESTI,RG,31.00,33.00,33.00,31.00,32.00,176100,5773100
2024-08-22,ETWA,RG,70.00,0.00,0.00,0.00,70.00,0,0
2024-08-22,EURO,RG,236.00,226.00,240.00,220.00,224.00,235628800,54966924600
2024-08-22,EXCL,RG,2210.00,2270.00,2280.00,2200.00,2290.00,36594100,81461682000
2024-08-22,FAPA,RG,5300.00,5325.00,5325.00,5300.00,5300.00,10900,57775000
2024-08-22,FAST,RG,454.00,460.00,460.00,450.00,460.00,124100,56046800
2024-08-22,FASW,RG,5525.00,5525.00,5525.00,5525.00,5525.00,500,2762500
2024-08-22,FILM,RG,4740.00,4910.00,4960.00,4730.00,4910.00,5210100,25310050000
2024-08-22,FIMP,RG,40.00,40.00,40.00,40.00,40.00,11600,464000
2024-08-22,FIRE,RG,101.00,101.00,103.00,100.00,101.00,6655900,671587900
2024-08-22,FISH,RG,7400.00,0.00,0.00,0.00,7400.00,0,0
2024-08-22,FITT,RG,100.00,100.00,100.00,99.00,100.00,578900,57849600
2024-08-22,FLMC,RG,61.00,59.00,64.00,59.00,59.00,106800,6524000
2024-08-22,FMII,RG,133.00,133.00,135.00,133.00,135.00,18600,2489900
2024-08-22,FOLK,RG,60.00,58.00,60.00,56.00,59.00,729200,42575100
2024-08-22,FOOD,RG,109.00,115.00,117.00,108.00,117.00,1512700,169467800
2024-08-22,FORU,RG,1940.00,0.00,0.00,0.00,1940.00,0,0
2024-08-22,FORZ,RG,50.00,0.00,0.00,0.00,50.00,0,0
2024-08-22,FPNI,RG,175.00,175.00,177.00,171.00,174.00,262400,45476500
2024-08-22,FREN,RG,30.00,31.00,32.00,30.00,31.00,112973700,3442265800
2024-08-22,FUJI,RG,193.00,193.00,194.00,192.00,196.00,65700,12647600
2024-08-22,FUTR,RG,19.00,19.00,19.00,19.00,18.00,1053200,20010800
2024-08-22,FWCT,RG,105.00,96.00,107.00,96.00,106.00,1549600,163732900
2024-08-22,GAMA,RG,18.00,0.00,0.00,0.00,18.00,0,0
2024-08-22,GDST,RG,124.00,125.00,128.00,123.00,125.00,349800,43725000
2024-08-22,GDYR,RG,1540.00,1530.00,1585.00,1450.00,1545.00,15600,23643500
2024-08-22,GEMA,RG,274.00,278.00,278.00,274.00,276.00,30800,8559200
2024-08-22,GEMS,RG,9050.00,9000.00,9300.00,8975.00,9225.00,493800,4487537500
2024-08-22,GGRM,RG,16250.00,16300.00,16850.00,16150.00,16300.00,1049400,17268740000
2024-08-22,GGRP,RG,585.00,580.00,585.00,580.00,595.00,21100,12238500
2024-08-22,GHON,RG,1710.00,1695.00,1710.00,1690.00,1695.00,6700,11401000
2024-08-22,GIAA,RG,63.00,64.00,64.00,63.00,64.00,7227000,460499000
2024-08-22,GJTL,RG,1230.00,1240.00,1255.00,1220.00,1240.00,17297900,21368186000
2024-08-22,GLOB,RG,74.00,0.00,0.00,0.00,74.00,0,0
2024-08-22,GLVA,RG,336.00,334.00,340.00,310.00,336.00,46700,15280600
2024-08-22,GMFI,RG,61.00,61.00,61.00,61.00,61.00,564200,34416200
2024-08-22,GMTD,RG,4990.00,5125.00,5125.00,4990.00,5125.00,6800,34258000
2024-08-22,GOLD,RG,292.00,290.00,296.00,282.00,286.00,47800,13914200
2024-08-22,GOLF,RG,238.00,230.00,246.00,230.00,242.00,37101100,8903697600
2024-08-22,GOLL,RG,50.00,0.00,0.00,0.00,50.00,0,0
2024-08-22,GOOD,RG,364.00,364.00,368.00,364.00,364.00,86600,31690400
2024-08-22,GOTO,RG,52.00,53.00,53.00,51.00,53.00,1177448900,61234881700
2024-08-22,GPRA,RG,89.00,89.00,90.00,87.00,89.00,2820200,249707200
2024-08-22,GPSO,RG,108.00,109.00,110.00,108.00,108.00,280500,30396300
2024-08-22,GRIA,RG,196.00,194.00,196.00,191.00,194.00,50977000,9919595300
2024-08-22,GRPH,RG,50.00,50.00,50.00,50.00,50.00,124700,6235000
2024-08-22,GRPM,RG,51.00,50.00,51.00,49.00,50.00,32700,1639000
2024-08-22,GSMF,RG,51.00,51.00,52.00,50.00,51.00,387200,19516000
2024-08-22,GTBO,RG,276.00,276.00,284.00,276.00,280.00,282100,78663800
2024-08-22,GTRA,RG,126.00,117.00,128.00,117.00,126.00,1264900,158798800
2024-08-22,GTSI,RG,32.00,32.00,32.00,31.00,32.00,867800,27215600
2024-08-22,GULA,RG,980.00,990.00,995.00,960.00,990.00,12970000,12680698000
2024-08-22,GUNA,RG,306.00,304.00,316.00,304.00,306.00,5097400,1576543800
2024-08-22,GWSA,RG,162.00,164.00,165.00,156.00,164.00,2222600,354384600
2024-08-22,GZCO,RG,90.00,89.00,91.00,88.00,89.00,9637600,861694300
2024-08-22,HADE,RG,4.00,4.00,5.00,4.00,4.00,1418200,6208800
2024-08-22,HAIS,RG,214.00,218.00,218.00,212.00,218.00,4700800,1012236600
2024-08-22,HAJJ,RG,127.00,121.00,132.00,117.00,120.00,3390400,436482600
2024-08-22,HALO,RG,70.00,70.00,71.00,69.00,70.00,2916900,204153900
2024-08-22,HATM,RG,264.00,264.00,264.00,258.00,264.00,45900300,11986906600
2024-08-22,HBAT,RG,27.00,28.00,28.00,26.00,28.00,410000,10911700
2024-08-22,HDFA,RG,94.00,93.00,95.00,89.00,93.00,56200,5187800
2024-08-22,HDIT,RG,10.00,10.00,10.00,10.00,10.00,479400,4794000
2024-08-22,HDTX,RG,120.00,0.00,0.00,0.00,120.00,0,0
2024-08-22,HEAL,RG,1295.00,1300.00,1315.00,1290.00,1295.00,9890900,12873105500
2024-08-22,HELI,RG,444.00,456.00,462.00,436.00,452.00,2052600,917548200
2024-08-22,HERO,RG,655.00,660.00,670.00,655.00,660.00,10200,6686500
2024-08-22,HEXA,RG,6375.00,6375.00,6400.00,6300.00,6400.00,465100,2956420000
2024-08-22,HILL,RG,2200.00,2210.00,2210.00,2150.00,2200.00,3190600,7009165000
2024-08-22,HITS,RG,284.00,282.00,298.00,282.00,290.00,23200,6682200
2024-08-22,HKMU,RG,50.00,0.00,0.00,0.00,50.00,0,0
2024-08-22,HMSP,RG,750.00,755.00,790.00,740.00,755.00,83335900,63651164000
2024-08-22,HOKI,RG,131.00,132.00,132.00,130.00,130.00,1787800,232667000
2024-08-22,HOME,RG,50.00,0.00,0.00,0.00,50.00,0,0
2024-08-22,HOMI,RG,134.00,132.00,136.00,130.00,135.00,28900,3837800
2024-08-22,HOPE,RG,39.00,39.00,39.00,39.00,39.00,88900,3467100
2024-08-22,HOTL,RG,50.00,0.00,0.00,0.00,50.00,0,0
2024-08-22,HRME,RG,27.00,26.00,27.00,26.00,27.00,591400,15704400
2024-08-22,HRTA,RG,398.00,396.00,402.00,384.00,398.00,34932000,13706644600
2024-08-22,HRUM,RG,1295.00,1320.00,1340.00,1280.00,1345.00,25382800,33261534500
2024-08-22,HUMI,RG,60.00,61.00,61.00,60.00,61.00,55521500,3338054200
2024-08-22,HYGN,RG,134.00,136.00,136.00,130.00,136.00,764600,101219000
2024-08-22,IATA,RG,45.00,46.00,46.00,45.00,46.00,7560200,344555800
2024-08-22,IBFN,RG,22.00,22.00,22.00,22.00,20.00,126800,2789600
2024-08-22,IBOS,RG,149.00,151.00,156.00,148.00,151.00,18017500,2737816800
2024-08-22,IBST,RG,5300.00,0.00,0.00,0.00,5300.00,0,0
2024-08-22,ICBP,RG,11350.00,11350.00,11475.00,11250.00,11450.00,4855400,55129000000
2024-08-22,ICON,RG,30.00,30.00,30.00,30.00,30.00,82800,2484000
2024-08-22,IDEA,RG,33.00,32.00,34.00,31.00,32.00,1949100,62397900
2024-08-22,IDPR,RG,146.00,149.00,149.00,146.00,148.00,7300,1066400
2024-08-22,IFII,RG,185.00,200.00,200.00,176.00,195.00,392900,71423100
2024-08-22,IFSH,RG,805.00,810.00,810.00,805.00,775.00,4200,3401500
2024-08-22,IGAR,RG,505.00,500.00,510.00,496.00,500.00,19300,9698300
2024-08-22,IIKP,RG,50.00,0.00,0.00,0.00,50.00,0,0
2024-08-22,IKAI,RG,14.00,14.00,14.00,14.00,13.00,2608200,36514800
2024-08-22,IKAN,RG,26.00,26.00,26.00,26.00,24.00,4465900,116113400
2024-08-22,IKBI,RG,424.00,428.00,428.00,424.00,428.00,9500,4039600
2024-08-22,IKPM,RG,280.00,280.00,290.00,280.00,280.00,2377100,672390800
2024-08-22,IMAS,RG,1270.00,1300.00,1310.00,1270.00,1300.00,485400,620217000
2024-08-22,IMJS,RG,176.00,181.00,183.00,176.00,181.00,8788300,1563136400
2024-08-22,IMPC,RG,340.00,338.00,342.00,338.00,340.00,2616000,889157600
2024-08-22,INAF,RG,126.00,0.00,0.00,0.00,126.00,0,0
2024-08-22,INAI,RG,141.00,141.00,144.00,140.00,144.00,36600,5195700
2024-08-22,INAI,RG,141.00,141.00,144.00,140.00,144.00,36600,5195700
2024-08-22,INCF,RG,28.00,28.00,28.00,28.00,26.00,1565000,43820000
2024-08-22,INCI,RG,585.00,580.00,590.00,570.00,580.00,35600,20709500
2024-08-22,INCO,RG,3760.00,3830.00,3830.00,3750.00,3830.00,18187600,68722629000
2024-08-22,INDF,RG,6650.00,6575.00,6650.00,6550.00,6625.00,12105900,80026350000
2024-08-22,INDO,RG,101.00,107.00,108.00,99.00,100.00,459000,46063700
2024-08-22,INDR,RG,3030.00,2890.00,3040.00,2890.00,2890.00,113500,338761000
2024-08-22,INDS,RG,296.00,300.00,300.00,294.00,300.00,363600,107715800
2024-08-22,INDX,RG,83.00,81.00,83.00,81.00,81.00,90400,7385000
2024-08-22,INDY,RG,1470.00,1490.00,1500.00,1445.00,1490.00,7600600,11217772500
2024-08-22,INET,RG,70.00,73.00,73.00,69.00,73.00,54449300,3880861700
2024-08-22,INKP,RG,8475.00,8400.00,8475.00,8300.00,8450.00,2855700,24024975000
2024-08-22,INOV,RG,101.00,102.00,110.00,99.00,102.00,2216100,231689100
2024-08-22,INPC,RG,60.00,61.00,61.00,58.00,61.00,2769800,162960500
2024-08-22,INPP,RG,1040.00,1060.00,1065.00,1040.00,1060.00,197400,209639000
2024-08-22,INPS,RG,117.00,107.00,119.00,107.00,117.00,36100,4223200
2024-08-22,INRU,RG,580.00,575.00,580.00,575.00,580.00,1300,749500
2024-08-22,INTA,RG,11.00,11.00,11.00,11.00,10.00,1544600,16990600
2024-08-22,INTD,RG,124.00,119.00,127.00,115.00,118.00,780500,92207500
2024-08-22,INTP,RG,7150.00,7150.00,7200.00,7075.00,7175.00,1273200,9082502500
2024-08-22,IOTF,RG,98.00,107.00,107.00,98.00,106.00,67042100,7035888900
2024-08-22,IPAC,RG,79.00,76.00,83.00,76.00,76.00,18500,1490200
2024-08-22,IPCC,RG,680.00,685.00,690.00,675.00,685.00,2059500,1401850500
2024-08-22,IPCM,RG,268.00,268.00,270.00,266.00,270.00,316800,84993400
2024-08-22,IPOL,RG,124.00,123.00,125.00,122.00,120.00,361100,44585800
2024-08-22,IPPE,RG,12.00,12.00,13.00,12.00,13.00,882200,10687300
2024-08-22,IPTV,RG,35.00,35.00,35.00,35.00,37.00,11045000,386575000
2024-08-22,IRRA,RG,484.00,535.00,535.00,484.00,530.00,9198600,4639232400
2024-08-22,IRSX,RG,13.00,13.00,13.00,13.00,12.00,7955500,103421500
2024-08-22,ISAP,RG,8.00,9.00,9.00,8.00,9.00,7370600,64605700
2024-08-22,ISAT,RG,10600.00,10950.00,10975.00,10425.00,10950.00,5993900,63579117500
2024-08-22,ISEA,RG,103.00,103.00,104.00,94.00,103.00,8329800,853339000
2024-08-22,ISSP,RG,298.00,298.00,300.00,294.00,298.00,2200400,654714600
2024-08-22,ITIC,RG,262.00,258.00,266.00,258.00,262.00,146100,38338400
2024-08-22,ITMA,RG,555.00,0.00,0.00,0.00,555.00,0,0
2024-08-22,ITMG,RG,26725.00,26575.00,26825.00,26300.00,26675.00,1942500,51631880000
2024-08-22,JARR,RG,250.00,256.00,256.00,230.00,254.00,2927000,720637400
2024-08-22,JAST,RG,53.00,52.00,53.00,52.00,52.00,615100,32393200
2024-08-22,JATI,RG,50.00,50.00,50.00,50.00,50.00,22800,1140000
2024-08-22,JAWA,RG,117.00,88.00,117.00,87.00,87.00,34657900,3832353200
2024-08-22,JAYA,RG,111.00,113.00,113.00,111.00,113.00,1055900,117689100
2024-08-22,JECC,RG,630.00,630.00,630.00,620.00,630.00,6600,4132500
2024-08-22,JGLE,RG,8.00,8.00,8.00,7.00,8.00,24200,186600
2024-08-22,JIHD,RG,322.00,320.00,324.00,320.00,322.00,3800,1222000
2024-08-22,JKON,RG,98.00,102.00,106.00,98.00,101.00,136521300,13870137500
2024-08-22,JKSW,RG,60.00,0.00,0.00,0.00,60.00,0,0
2024-08-22,JMAS,RG,155.00,142.00,160.00,140.00,141.00,92861000,14028605700
2024-08-22,JPFA,RG,1590.00,1570.00,1600.00,1560.00,1570.00,24965800,39486587000
2024-08-22,JRPT,RG,665.00,665.00,665.00,655.00,665.00,419600,277970000
2024-08-22,JSKY,RG,52.00,0.00,0.00,0.00,52.00,0,0
2024-08-22,JSMR,RG,5475.00,5400.00,5475.00,5375.00,5450.00,2466900,13430882500
2024-08-22,JSPT,RG,1980.00,0.00,0.00,0.00,1980.00,0,0
2024-08-22,JTPE,RG,262.00,264.00,264.00,260.00,264.00,11847900,3093182200
2024-08-22,KAEF,RG,700.00,780.00,800.00,700.00,765.00,12898000,9416920500
2024-08-22,KARW,RG,3390.00,3390.00,3390.00,3390.00,3090.00,134900,457311000
2024-08-22,KAYU,RG,18.00,0.00,0.00,0.00,18.00,0,0
2024-08-22,KBAG,RG,22.00,23.00,23.00,22.00,24.00,2854000,65519300
2024-08-22,KBLI,RG,408.00,410.00,410.00,404.00,410.00,564200,229507000
2024-08-22,KBLM,RG,342.00,344.00,348.00,330.00,344.00,441600,148742200
2024-08-22,KBLV,RG,40.00,40.00,40.00,40.00,40.00,64400,2576000
2024-08-22,KBRI,RG,50.00,0.00,0.00,0.00,50.00,0,0
2024-08-22,KDSI,RG,1500.00,0.00,0.00,0.00,1500.00,0,0
2024-08-22,KDTN,RG,125.00,123.00,126.00,120.00,126.00,347000,41771600
2024-08-22,KEEN,RG,695.00,700.00,710.00,695.00,705.00,781800,547657500
2024-08-22,KEJU,RG,1415.00,1415.00,1420.00,1400.00,1415.00,227800,322995500
2024-08-22,KETR,RG,198.00,200.00,200.00,198.00,200.00,109800,21853900
2024-08-22,KIAS,RG,25.00,23.00,25.00,22.00,23.00,1889900,46467100
2024-08-22,KICI,RG,119.00,111.00,123.00,111.00,116.00,433900,51375200
2024-08-22,KIJA,RG,150.00,150.00,152.00,146.00,150.00,88672000,13328368800
2024-08-22,KINO,RG,1340.00,1330.00,1355.00,1330.00,1320.00,1700,2289500
2024-08-22,KIOS,RG,50.00,50.00,50.00,50.00,50.00,28900,1445000
2024-08-22,KJEN,RG,58.00,53.00,64.00,53.00,57.00,7011100,421017800
2024-08-22,KKES,RG,38.00,38.00,38.00,38.00,38.00,67000,2546000
2024-08-22,KKGI,RG,600.00,610.00,620.00,585.00,610.00,11690200,7021191500
2024-08-22,KLAS,RG,162.00,158.00,169.00,158.00,159.00,14389500,2324501400
2024-08-22,KLBF,RG,1725.00,1710.00,1750.00,1705.00,1730.00,39387100,68129561500
2024-08-22,KLIN,RG,16.00,16.00,16.00,15.00,16.00,91400,1439200
2024-08-22,KMDS,RG,466.00,462.00,468.00,462.00,466.00,26000,12069000
2024-08-22,KMTR,RG,252.00,238.00,252.00,236.00,248.00,9100,2174800
2024-08-22,KOBX,RG,149.00,150.00,157.00,146.00,149.00,3077800,462610900
2024-08-22,KOCI,RG,53.00,51.00,53.00,51.00,52.00,569100,29471100
2024-08-22,KOIN,RG,73.00,0.00,0.00,0.00,73.00,0,0
2024-08-22,KOKA,RG,64.00,66.00,66.00,64.00,66.00,1798900,116084500
2024-08-22,KONI,RG,885.00,0.00,0.00,0.00,885.00,0,0
2024-08-22,KOPI,RG,242.00,252.00,252.00,242.00,242.00,10400,2568000
2024-08-22,KOTA,RG,10.00,10.00,10.00,10.00,10.00,566900,5669000
2024-08-22,KPAL,RG,50.00,0.00,0.00,0.00,50.00,0,0
2024-08-22,KPAS,RG,62.00,0.00,0.00,0.00,62.00,0,0
2024-08-22,KPIG,RG,169.00,0.00,0.00,0.00,169.00,0,0
2024-08-22,KRAH,RG,436.00,0.00,0.00,0.00,436.00,0,0
2024-08-22,KRAS,RG,106.00,108.00,109.00,106.00,108.00,7124800,761489000
2024-08-22,KREN,RG,7.00,8.00,8.00,7.00,8.00,572900,4182900
2024-08-22,KRYA,RG,56.00,56.00,57.00,55.00,56.00,1909200,107000600
2024-08-22,KUAS,RG,52.00,52.00,52.00,50.00,52.00,529400,26968900
2024-08-22,LABA,RG,540.00,432.00,540.00,432.00,432.00,117150600,59064873700
2024-08-22,LABS,RG,138.00,143.00,143.00,132.00,133.00,11791300,1628566700
2024-08-22,LAJU,RG,50.00,50.00,50.00,50.00,50.00,89800,4490000
2024-08-22,LAND,RG,15.00,14.00,15.00,14.00,14.00,164000,2384600
2024-08-22,LAPD,RG,8.00,8.00,8.00,8.00,8.00,817200,6537600
2024-08-22,LCGP,RG,114.00,0.00,0.00,0.00,114.00,0,0
2024-08-22,LCKM,RG,296.00,276.00,296.00,266.00,276.00,12600,3537800
2024-08-22,LEAD,RG,86.00,89.00,90.00,85.00,89.00,8828900,763335200
2024-08-22,LFLO,RG,86.00,86.00,86.00,86.00,90.00,2200,189200
2024-08-22,LIFE,RG,5800.00,0.00,0.00,0.00,5800.00,0,0
2024-08-22,LINK,RG,1860.00,1850.00,1900.00,1800.00,1865.00,118700,222044500
2024-08-22,LION,RG,458.00,458.00,458.00,458.00,456.00,200,91600
2024-08-22,LIVE,RG,206.00,204.00,208.00,204.00,204.00,1164200,239685800
2024-08-22,LMAS,RG,50.00,0.00,0.00,0.00,50.00,0,0
2024-08-22,LMAX,RG,31.00,32.00,33.00,30.00,31.00,415800,12901800
2024-08-22,LMPI,RG,90.00,0.00,0.00,0.00,90.00,0,0
2024-08-22,LMSH,RG,370.00,0.00,0.00,0.00,370.00,0,0
2024-08-22,LOPI,RG,45.00,42.00,47.00,42.00,43.00,743000,33399200
2024-08-22,LPCK,RG,745.00,740.00,755.00,725.00,740.00,57100,42099500
2024-08-22,LPGI,RG,3470.00,3500.00,3500.00,3470.00,3500.00,19400,67884000
2024-08-22,LPIN,RG,360.00,354.00,366.00,350.00,354.00,93400,32944800
2024-08-22,LPKR,RG,76.00,85.00,85.00,75.00,79.00,38833000,2996372900
2024-08-22,LPLI,RG,244.00,242.00,244.00,242.00,240.00,900,219000
2024-08-22,LPPF,RG,1505.00,1530.00,1540.00,1485.00,1540.00,1628300,2456331500
2024-08-22,LPPS,RG,57.00,56.00,57.00,56.00,55.00,194200,10894900
2024-08-22,LRNA,RG,137.00,137.00,138.00,135.00,136.00,65100,8882700
2024-08-22,LSIP,RG,875.00,885.00,890.00,875.00,890.00,6402300,5633316500
2024-08-22,LTLS,RG,1000.00,1000.00,1000.00,995.00,1000.00,246700,246699000
2024-08-22,LUCK,RG,57.00,60.00,60.00,55.00,56.00,2991300,172137100
2024-08-22,LUCY,RG,102.00,101.00,105.00,100.00,101.00,116100,11773000
2024-08-22,MABA,RG,50.00,0.00,0.00,0.00,50.00,0,0
2024-08-22,MAGP,RG,50.00,0.00,0.00,0.00,50.00,0,0
2024-08-22,MAHA,RG,180.00,182.00,183.00,179.00,182.00,17020600,3070693200
2024-08-22,MAIN,RG,805.00,800.00,815.00,790.00,800.00,2634300,2112124500
2024-08-22,MAMI,RG,50.00,0.00,0.00,0.00,50.00,0,0
2024-08-22,MANG,RG,73.00,71.00,80.00,71.00,78.00,64390200,4989837500
2024-08-22,MAPA,RG,855.00,860.00,865.00,835.00,860.00,12766800,10823537000
2024-08-22,MAPB,RG,1880.00,1875.00,1880.00,1875.00,1840.00,400,751500
2024-08-22,MAPI,RG,1520.00,1530.00,1530.00,1485.00,1520.00,21687500,32667779000
2024-08-22,MARI,RG,50.00,50.00,50.00,50.00,50.00,259300,12965000
2024-08-22,MARK,RG,950.00,945.00,950.00,930.00,950.00,12069800,11353509000
2024-08-22,MASA,RG,6200.00,0.00,0.00,0.00,6200.00,0,0
2024-08-22,MASB,RG,3280.00,0.00,0.00,0.00,3280.00,0,0
2024-08-22,MAXI,RG,56.00,55.00,56.00,55.00,55.00,1705700,94287000
2024-08-22,MAYA,RG,260.00,268.00,268.00,254.00,268.00,4847300,1261097400
2024-08-22,MBAP,RG,3030.00,3010.00,3050.00,3000.00,3050.00,73400,221950000
2024-08-22,MBMA,RG,540.00,555.00,555.00,535.00,550.00,75234400,41041779500
2024-08-22,MBSS,RG,1010.00,1020.00,1030.00,1005.00,1020.00,27700,28127500
2024-08-22,MBTO,RG,105.00,96.00,108.00,96.00,105.00,3390700,360193500
2024-08-22,MCAS,RG,1350.00,1300.00,1495.00,1250.00,1300.00,686200,926772000
2024-08-22,MCOL,RG,5450.00,5450.00,5475.00,5425.00,5450.00,39300,214252500
2024-08-22,MCOR,RG,74.00,76.00,76.00,72.00,75.00,5398200,398912100
2024-08-22,MDIA,RG,10.00,0.00,0.00,0.00,10.00,0,0
2024-08-22,MDKA,RG,2290.00,2350.00,2360.00,2270.00,2350.00,27196900,62862559000
2024-08-22,MDKI,RG,184.00,185.00,186.00,184.00,185.00,112300,20708300
2024-08-22,MDLN,RG,50.00,50.00,50.00,50.00,50.00,87200,4360000
2024-08-22,MDRN,RG,6.00,5.00,6.00,5.00,6.00,452700,2695900
2024-08-22,MEDC,RG,1275.00,1285.00,1290.00,1265.00,1285.00,52810400,67419516500
2024-08-22,MEDS,RG,50.00,50.00,50.00,50.00,50.00,156200,7810000
2024-08-22,MEGA,RG,5075.00,5100.00,5100.00,5075.00,5075.00,3600,18290000
2024-08-22,MEJA,RG,270.00,254.00,270.00,244.00,246.00,81471400,20817356600
2024-08-22,MENN,RG,11.00,11.00,11.00,10.00,10.00,5447800,59870600
2024-08-22,MERK,RG,3830.00,3820.00,3850.00,3810.00,3820.00,11900,45631000
2024-08-22,META,RG,238.00,0.00,0.00,0.00,238.00,0,0
2024-08-22,MFIN,RG,3000.00,3000.00,3000.00,2900.00,3020.00,15200,44844000
2024-08-22,MFMI,RG,890.00,825.00,890.00,825.00,825.00,3800,3289500
2024-08-22,MGLV,RG,68.00,69.00,71.00,66.00,68.00,94200,6468700
2024-08-22,MGNA,RG,14.00,14.00,14.00,14.00,14.00,284600,3984400
2024-08-22,MGRO,RG,690.00,710.00,710.00,685.00,710.00,8879900,6168466000
2024-08-22,MHKI,RG,135.00,145.00,155.00,126.00,139.00,102733700,14914354000
2024-08-22,MICE,RG,480.00,486.00,498.00,480.00,490.00,99700,48046400
2024-08-22,MIDI,RG,420.00,430.00,436.00,420.00,432.00,12256800,5171810200
2024-08-22,MIKA,RG,3020.00,3030.00,3080.00,3020.00,3030.00,6993500,21269633000
2024-08-22,MINA,RG,22.00,22.00,22.00,21.00,22.00,290900,6299800
2024-08-22,MIRA,RG,6.00,6.00,6.00,6.00,6.00,274100,1644600
2024-08-22,MITI,RG,139.00,143.00,143.00,139.00,138.00,220100,30884200
2024-08-22,MKAP,RG,372.00,430.00,430.00,372.00,430.00,35926000,14097799800
2024-08-22,MKNT,RG,1.00,0.00,0.00,0.00,1.00,0,0
2024-08-22,MKPI,RG,26950.00,26600.00,27000.00,26600.00,26425.00,12400,334432500
2024-08-22,MKTR,RG,120.00,120.00,120.00,118.00,120.00,535600,63839600
2024-08-22,MLBI,RG,6000.00,6025.00,6025.00,5950.00,6025.00,211400,1267960000
2024-08-22,MLIA,RG,352.00,356.00,356.00,352.00,356.00,2740700,970165800
2024-08-22,MLPL,RG,77.00,84.00,88.00,76.00,83.00,372446400,29980594700
2024-08-22,MLPT,RG,1565.00,1700.00,1700.00,1550.00,1760.00,927100,1462879500
2024-08-22,MMIX,RG,58.00,57.00,58.00,56.00,57.00,270700,15469000
2024-08-22,MMLP,RG,382.00,400.00,408.00,378.00,400.00,2243300,868871400
2024-08-22,MNCN,RG,328.00,346.00,348.00,328.00,346.00,189234100,63216104000
2024-08-22,MOLI,RG,240.00,250.00,250.00,236.00,248.00,874400,212481400
2024-08-22,MORA,RG,426.00,420.00,430.00,420.00,428.00,23000,9797800
2024-08-22,MPMX,RG,1005.00,1005.00,1015.00,1000.00,1010.00,6622800,6665601500
2024-08-22,MPOW,RG,50.00,50.00,50.00,50.00,50.00,22400,1120000
2024-08-22,MPPA,RG,51.00,55.00,56.00,51.00,55.00,180205900,9457478000
2024-08-22,MPRO,RG,1380.00,1360.00,1400.00,1360.00,1360.00,300,414000
2024-08-22,MPXL,RG,114.00,114.00,114.00,112.00,114.00,318900,36053300
2024-08-22,MRAT,RG,545.00,535.00,545.00,500.00,540.00,1112000,573906500
2024-08-22,MREI,RG,1060.00,1055.00,1075.00,1050.00,1055.00,100600,106630000
2024-08-22,MSIE,RG,14.00,15.00,15.00,14.00,14.00,377800,5467200
2024-08-22,MSIN,RG,6000.00,6150.00,6175.00,5950.00,6150.00,982500,5970132500
2024-08-22,MSJA,RG,396.00,394.00,400.00,386.00,396.00,15337400,6056830600
2024-08-22,MSKY,RG,108.00,106.00,119.00,104.00,111.00,107689700,12128601400
2024-08-22,MSTI,RG,1655.00,1665.00,1710.00,1640.00,1675.00,655700,1092705500
2024-08-22,MTDL,RG,650.00,655.00,660.00,635.00,655.00,7542300,4883013500
2024-08-22,MTEL,RG,665.00,670.00,670.00,655.00,670.00,26057600,17247795000
2024-08-22,MTFN,RG,50.00,0.00,0.00,0.00,50.00,0,0
2024-08-22,MTLA,RG,420.00,420.00,420.00,412.00,420.00,2500,1047600
2024-08-22,MTMH,RG,1095.00,1130.00,1130.00,1060.00,1130.00,5353600,5868891500
2024-08-22,MTPS,RG,14.00,14.00,15.00,14.00,15.00,1141600,15982700
2024-08-22,MTRA,RG,244.00,0.00,0.00,0.00,244.00,0,0
2024-08-22,MTSM,RG,80.00,80.00,80.00,80.00,80.00,500,40000
2024-08-22,MTWI,RG,164.00,155.00,168.00,155.00,164.00,653500,107766800
2024-08-22,MUTU,RG,81.00,82.00,82.00,80.00,82.00,1297800,104396100
2024-08-22,MYOH,RG,1305.00,1355.00,1355.00,1300.00,1355.00,182700,239792000
2024-08-22,MYOR,RG,2600.00,2640.00,2660.00,2570.00,2640.00,8884800,23141119000
2024-08-22,MYRX,RG,50.00,0.00,0.00,0.00,50.00,0,0
2024-08-22,MYTX,RG,27.00,0.00,0.00,0.00,27.00,0,0
2024-08-22,NANO,RG,15.00,14.00,15.00,13.00,14.00,1484300,20944700
2024-08-22,NASA,RG,14.00,13.00,14.00,13.00,13.00,1098500,14523000
2024-08-22,NASI,RG,118.00,117.00,119.00,115.00,117.00,3356000,394207600
2024-08-22,NATO,RG,149.00,149.00,149.00,146.00,149.00,147900,21834400
2024-08-22,NAYZ,RG,25.00,23.00,25.00,23.00,23.00,4017700,100387400
2024-08-22,NCKL,RG,905.00,920.00,920.00,905.00,920.00,6914800,6280006500
2024-08-22,NELY,RG,458.00,460.00,464.00,456.00,462.00,1342100,615280200
2024-08-22,NEST,RG,280.00,280.00,292.00,276.00,278.00,22577300,6405198000
2024-08-22,NETV,RG,68.00,68.00,68.00,68.00,70.00,1509100,102618800
2024-08-22,NFCX,RG,1865.00,1860.00,1895.00,1860.00,1890.00,6400,11949500
2024-08-22,NICE,RG,462.00,474.00,474.00,460.00,474.00,10527900,4890053600
2024-08-22,NICK,RG,500.00,545.00,575.00,500.00,545.00,71600,38362000
2024-08-22,NICL,RG,266.00,262.00,270.00,262.00,268.00,2500900,664981200
2024-08-22,NIKL,RG,256.00,240.00,264.00,240.00,258.00,766000,197313000
2024-08-22,NINE,RG,6.00,6.00,7.00,5.00,6.00,19285300,126328700
2024-08-22,NIPS,RG,282.00,0.00,0.00,0.00,282.00,0,0
2024-08-22,NIRO,RG,140.00,139.00,140.00,138.00,140.00,400700,55697000
2024-08-22,NISP,RG,1325.00,1345.00,1350.00,1310.00,1345.00,10191700,13535764000
2024-08-22,NOBU,RG,630.00,660.00,660.00,625.00,635.00,304100,191077500
2024-08-22,NPGF,RG,36.00,35.00,36.00,35.00,33.00,1460800,52101400
2024-08-22,NRCA,RG,356.00,360.00,364.00,354.00,364.00,838200,299491800
2024-08-22,NSSS,RG,187.00,187.00,188.00,185.00,187.00,8228900,1537382900
2024-08-22,NTBK,RG,50.00,50.00,50.00,50.00,50.00,4800,240000
2024-08-22,NUSA,RG,50.00,0.00,0.00,0.00,50.00,0,0
2024-08-22,NZIA,RG,68.00,52.00,68.00,50.00,51.00,28901100,1841384900
2024-08-22,OASA,RG,140.00,141.00,144.00,139.00,141.00,151937400,21541605000
2024-08-22,OBMD,RG,258.00,264.00,264.00,250.00,264.00,3263600,829934200
2024-08-22,OCAP,RG,159.00,0.00,0.00,0.00,159.00,0,0
2024-08-22,OILS,RG,107.00,92.00,115.00,92.00,92.00,44491400,4819946800
2024-08-22,OKAS,RG,117.00,107.00,120.00,107.00,116.00,17839200,2092106100
2024-08-22,OLIV,RG,9.00,8.00,9.00,7.00,8.00,7048000,57817600
2024-08-22,OMED,RG,187.00,185.00,188.00,185.00,185.00,7847400,1466752800
2024-08-22,OMRE,RG,420.00,420.00,420.00,420.00,434.00,5100,2142000
2024-08-22,OPMS,RG,85.00,86.00,87.00,84.00,87.00,951300,81128700
2024-08-22,PACK,RG,30.00,28.00,30.00,28.00,28.00,287400,8291400
2024-08-22,PADA,RG,15.00,15.00,15.00,15.00,15.00,4086900,61303500
2024-08-22,PADI,RG,10.00,9.00,10.00,8.00,9.00,304300,2738000
2024-08-22,PALM,RG,376.00,374.00,378.00,372.00,374.00,242800,90817400
2024-08-22,PAMG,RG,53.00,53.00,54.00,53.00,53.00,11896500,631629200
2024-08-22,PANI,RG,5800.00,6000.00,6000.00,5675.00,5900.00,12155600,70282362500
2024-08-22,PANR,RG,440.00,436.00,442.00,432.00,436.00,3126300,1369764000
2024-08-22,PANS,RG,1610.00,1620.00,1620.00,1600.00,1620.00,150500,241393500
2024-08-22,PART,RG,163.00,161.00,165.00,160.00,161.00,13966800,2264965600
2024-08-22,PBID,RG,460.00,458.00,460.00,454.00,458.00,301000,137786200
2024-08-22,PBRX,RG,19.00,18.00,19.00,18.00,18.00,6134600,110430500
2024-08-22,PBSA,RG,286.00,286.00,288.00,282.00,288.00,733300,209609800
2024-08-22,PCAR,RG,50.00,50.00,50.00,50.00,50.00,2100,105000
2024-08-22,PDES,RG,256.00,246.00,260.00,244.00,246.00,1393300,353905600
2024-08-22,PDPP,RG,565.00,575.00,580.00,565.00,575.00,3773600,2154318000
2024-08-22,PEGE,RG,102.00,102.00,103.00,101.00,102.00,504100,51241800
2024-08-22,PEHA,RG,362.00,382.00,390.00,362.00,382.00,512800,191648000
2024-08-22,PEVE,RG,242.00,252.00,256.00,240.00,252.00,1430300,351348600
2024-08-22,PGAS,RG,1630.00,1615.00,1640.00,1590.00,1615.00,41605500,67319067500
2024-08-22,PGEO,RG,1190.00,1200.00,1200.00,1185.00,1200.00,10510000,12515774000
2024-08-22,PGJO,RG,90.00,91.00,91.00,90.00,91.00,674800,60804400
2024-08-22,PGLI,RG,114.00,115.00,116.00,109.00,115.00,2900,323200
2024-08-22,PGUN,RG,360.00,360.00,360.00,360.00,360.00,500,180000
2024-08-22,PICO,RG,95.00,93.00,96.00,92.00,93.00,344700,32577800
2024-08-22,PIPA,RG,8.00,7.00,8.00,7.00,7.00,2347100,18242600
2024-08-22,PJAA,RG,665.00,670.00,670.00,660.00,670.00,225900,149446000
2024-08-22,PKPK,RG,346.00,344.00,352.00,326.00,348.00,257300,88109600
2024-08-22,PLAN,RG,25.00,25.00,26.00,24.00,25.00,90100,2250100
2024-08-22,PLAS,RG,50.00,0.00,0.00,0.00,50.00,0,0
2024-08-22,PLIN,RG,2530.00,0.00,0.00,0.00,2530.00,0,0
2024-08-22,PMJS,RG,116.00,115.00,117.00,113.00,114.00,542100,62760800
2024-08-22,PMMP,RG,212.00,210.00,222.00,208.00,216.00,24326400,5217436200
2024-08-22,PNBN,RG,1260.00,1230.00,1280.00,1210.00,1230.00,13081300,16419870500
2024-08-22,PNBS,RG,51.00,51.00,54.00,50.00,51.00,55735000,2881408100
2024-08-22,PNGO,RG,2320.00,2390.00,2590.00,1965.00,2390.00,673800,1496032000
2024-08-22,PNIN,RG,915.00,910.00,930.00,900.00,915.00,2877300,2633946500
2024-08-22,PNLF,RG,356.00,350.00,374.00,342.00,350.00,286439600,102986989800
2024-08-22,PNSE,RG,452.00,0.00,0.00,0.00,452.00,0,0
2024-08-22,POLA,RG,9.00,9.00,9.00,9.00,9.00,2065700,18591300
2024-08-22,POLI,RG,760.00,0.00,0.00,0.00,760.00,0,0
2024-08-22,POLL,RG,112.00,0.00,0.00,0.00,112.00,0,0
2024-08-22,POLU,RG,700.00,835.00,915.00,670.00,825.00,816100,613249000
2024-08-22,POLY,RG,21.00,21.00,21.00,21.00,21.00,100100,2102100
2024-08-22,POOL,RG,50.00,0.00,0.00,0.00,50.00,0,0
2024-08-22,PORT,RG,820.00,850.00,850.00,800.00,850.00,40300,33501000
2024-08-22,POSA,RG,50.00,0.00,0.00,0.00,50.00,0,0
2024-08-22,POWR,RG,660.00,670.00,670.00,655.00,670.00,5156400,3404969500
2024-08-22,PPGL,RG,106.00,106.00,109.00,104.00,106.00,835500,87619400
2024-08-22,PPRE,RG,78.00,78.00,78.00,77.00,78.00,784000,60675100
2024-08-22,PPRI,RG,110.00,111.00,112.00,107.00,110.00,24281400,2646551500
2024-08-22,PPRO,RG,20.00,20.00,20.00,20.00,19.00,24353600,487072000
2024-08-22,PRAS,RG,97.00,0.00,0.00,0.00,97.00,0,0
2024-08-22,PRAY,RG,605.00,600.00,605.00,595.00,600.00,27700,16571000
2024-08-22,PRDA,RG,3130.00,3160.00,3180.00,3110.00,3160.00,594900,1863987000
2024-08-22,PRIM,RG,61.00,68.00,68.00,61.00,66.00,23729800,1503041700
2024-08-22,PSAB,RG,220.00,222.00,228.00,218.00,222.00,166741900,37150498200
2024-08-22,PSDN,RG,82.00,83.00,83.00,82.00,83.00,563200,46455600
2024-08-22,PSGO,RG,148.00,146.00,149.00,142.00,143.00,95500,13943800
2024-08-22,PSKT,RG,21.00,20.00,21.00,20.00,20.00,740300,14863100
2024-08-22,PSSI,RG,428.00,430.00,432.00,428.00,430.00,337800,145226200
2024-08-22,PTBA,RG,2720.00,2700.00,2740.00,2670.00,2710.00,17628700,47758756000
2024-08-22,PTDU,RG,19.00,19.00,19.00,19.00,18.00,202600,3849400
2024-08-22,PTIS,RG,206.00,206.00,210.00,202.00,206.00,150500,30844400
2024-08-22,PTMP,RG,86.00,78.00,88.00,76.00,77.00,212257200,17860852600
2024-08-22,PTPP,RG,424.00,434.00,436.00,424.00,434.00,44366700,19051059600
2024-08-22,PTPS,RG,76.00,73.00,78.00,73.00,73.00,39392300,2994081000
2024-08-22,PTPW,RG,930.00,940.00,940.00,930.00,935.00,24400,22892500
2024-08-22,PTRO,RG,8500.00,8800.00,9100.00,8500.00,8800.00,7656900,67990525000
2024-08-22,PTSN,RG,206.00,206.00,210.00,206.00,208.00,50800,10511600
2024-08-22,PTSP,RG,1050.00,1100.00,1100.00,1050.00,1075.00,35000,37275500
2024-08-22,PUDP,RG,236.00,226.00,236.00,226.00,232.00,2234000,512465200
2024-08-22,PURA,RG,23.00,22.00,23.00,22.00,22.00,827400,18833800
2024-08-22,PURE,RG,51.00,0.00,0.00,0.00,51.00,0,0
2024-08-22,PURI,RG,169.00,168.00,170.00,167.00,167.00,102100,17162200
2024-08-22,PWON,RG,470.00,470.00,474.00,462.00,470.00,68326200,32132560200
2024-08-22,PYFA,RG,105.00,115.00,115.00,105.00,111.00,69141900,7440669800
2024-08-22,PZZA,RG,228.00,230.00,232.00,228.00,230.00,67700,15546800
2024-08-22,RAAM,RG,580.00,600.00,615.00,580.00,600.00,2651300,1572971000
2024-08-22,RAFI,RG,27.00,28.00,28.00,27.00,28.00,822300,22601600
2024-08-22,RAJA,RG,1190.00,1235.00,1240.00,1175.00,1235.00,10142900,12119909500
2024-08-22,RALS,RG,414.00,420.00,422.00,412.00,422.00,6744200,2802365000
2024-08-22,RANC,RG,550.00,545.00,550.00,545.00,545.00,21800,11989500
2024-08-22,RANC,RG,550.00,545.00,550.00,545.00,545.00,21800,11989500
2024-08-22,RBMS,RG,28.00,28.00,28.00,27.00,27.00,1144000,31843700
2024-08-22,RCCC,RG,318.00,316.00,322.00,312.00,314.00,4317700,1366671800
2024-08-22,RDTX,RG,15250.00,14350.00,16000.00,14350.00,14375.00,17800,267612500
2024-08-22,REAL,RG,6.00,6.00,7.00,6.00,6.00,4276200,26261100
2024-08-22,RELF,RG,14.00,14.00,14.00,13.00,14.00,2817600,39282400
2024-08-22,RELI,RG,454.00,460.00,472.00,434.00,450.00,27500,12307600
2024-08-22,RGAS,RG,93.00,89.00,94.00,89.00,89.00,20535600,1886300200
2024-08-22,RICY,RG,86.00,81.00,90.00,81.00,89.00,2911300,254305400
2024-08-22,RIGS,RG,540.00,515.00,545.00,498.00,525.00,177700,91444200
2024-08-22,RIMO,RG,50.00,0.00,0.00,0.00,50.00,0,0
2024-08-22,RISE,RG,990.00,990.00,990.00,985.00,990.00,170200,167729500
2024-08-22,RMKE,RG,575.00,590.00,600.00,570.00,590.00,4232300,2479165000
2024-08-22,RMKO,RG,238.00,238.00,246.00,238.00,240.00,2634400,638343800
2024-08-22,ROCK,RG,280.00,280.00,280.00,280.00,280.00,300,84000
2024-08-22,RODA,RG,31.00,29.00,31.00,29.00,29.00,14100,435300
2024-08-22,RONY,RG,165.00,168.00,168.00,165.00,170.00,3200,534000
2024-08-22,ROTI,RG,1045.00,1075.00,1075.00,1045.00,1065.00,790600,830324500
2024-08-22,RSCH,RG,298.00,282.00,300.00,280.00,282.00,17348100,5044820800
2024-08-22,RSGK,RG,1160.00,1085.00,1160.00,1085.00,1135.00,700,783500
2024-08-22,RUIS,RG,175.00,175.00,176.00,171.00,177.00,724900,125756800
2024-08-22,RUNS,RG,55.00,57.00,57.00,55.00,57.00,33000,1835200
2024-08-22,SAFE,RG,256.00,252.00,256.00,252.00,254.00,477900,122292800
2024-08-22,SAGE,RG,11.00,11.00,11.00,10.00,11.00,2192200,23677300
2024-08-22,SAME,RG,300.00,306.00,310.00,300.00,304.00,586900,176975000
2024-08-22,SAMF,RG,800.00,805.00,805.00,800.00,810.00,66300,53172500
2024-08-22,SAPX,RG,2540.00,2570.00,2570.00,2490.00,2570.00,4221900,10639380000
2024-08-22,SATU,RG,158.00,159.00,160.00,158.00,159.00,7639000,1211967300
2024-08-22,SBAT,RG,1.00,0.00,0.00,0.00,1.00,0,0
2024-08-22,SBMA,RG,131.00,133.00,133.00,131.00,132.00,1250700,164652900
2024-08-22,SCCO,RG,2170.00,2170.00,2180.00,2170.00,2180.00,23800,51810000
2024-08-22,SCMA,RG,127.00,130.00,130.00,126.00,129.00,78316900,9986570600
2024-08-22,SCNP,RG,170.00,170.00,173.00,168.00,170.00,71500,12154600
2024-08-22,SCPI,RG,29000.00,0.00,0.00,0.00,29000.00,0,0
2024-08-22,SDMU,RG,25.00,24.00,25.00,24.00,24.00,181400,4363500
2024-08-22,SDPC,RG,131.00,135.00,135.00,131.00,135.00,875500,115824500
2024-08-22,SDRA,RG,460.00,462.00,470.00,460.00,464.00,454300,211244000
2024-08-22,SEMA,RG,109.00,110.00,110.00,107.00,111.00,382000,41302200
2024-08-22,SFAN,RG,1820.00,1815.00,1820.00,1815.00,1820.00,110200,200277500
2024-08-22,SGER,RG,422.00,426.00,426.00,420.00,426.00,1930400,815773600
2024-08-22,SGRO,RG,1990.00,1965.00,1995.00,1965.00,1975.00,2600,5153500
2024-08-22,SHID,RG,950.00,965.00,1000.00,950.00,965.00,3300,3166000
2024-08-22,SHIP,RG,1040.00,1005.00,1040.00,995.00,1005.00,23400,24087500
2024-08-22,SICO,RG,92.00,94.00,94.00,91.00,94.00,2101400,193580000
2024-08-22,SIDO,RG,700.00,705.00,710.00,700.00,705.00,20019500,14085785500
2024-08-22,SILO,RG,2750.00,2760.00,2760.00,2740.00,2750.00,413500,1137161000
2024-08-22,SIMA,RG,50.00,0.00,0.00,0.00,50.00,0,0
2024-08-22,SIMP,RG,378.00,380.00,382.00,378.00,380.00,511500,193949400
2024-08-22,SINI,RG,1715.00,1715.00,1715.00,1715.00,1560.00,210000,360150000
2024-08-22,SIPD,RG,975.00,975.00,975.00,975.00,975.00,100,97500
2024-08-22,SKBM,RG,304.00,306.00,314.00,270.00,304.00,176200,52116400
2024-08-22,SKLT,RG,178.00,172.00,202.00,171.00,172.00,2629000,482392100
2024-08-22,SKRN,RG,326.00,318.00,326.00,318.00,320.00,18000,5832200
2024-08-22,SKYB,RG,51.00,0.00,0.00,0.00,51.00,0,0
2024-08-22,SLIS,RG,55.00,54.00,58.00,53.00,53.00,34125700,1887825200
2024-08-22,SMAR,RG,3500.00,3510.00,3510.00,3480.00,3510.00,8300,28954000
2024-08-22,SMBR,RG,252.00,254.00,274.00,248.00,254.00,20228500,5273823800
2024-08-22,SMCB,RG,615.00,620.00,620.00,615.00,620.00,811600,499215000
2024-08-22,SMDM,RG,482.00,480.00,484.00,478.00,484.00,2635800,1267781200
2024-08-22,SMDR,RG,366.00,364.00,366.00,356.00,364.00,28115000,10142169000
2024-08-22,SMGA,RG,88.00,88.00,90.00,85.00,88.00,72215800,6345536700
2024-08-22,SMGR,RG,4000.00,4060.00,4060.00,3990.00,4070.00,13794300,55383714000
2024-08-22,SMIL,RG,350.00,312.00,352.00,306.00,314.00,328695900,105532771200
2024-08-22,SMKL,RG,186.00,184.00,190.00,184.00,184.00,28300,5255500
2024-08-22,SMKM,RG,58.00,61.00,61.00,57.00,61.00,1268900,74057800
2024-08-22,SMLE,RG,64.00,61.00,68.00,61.00,61.00,24399100,1572483900
2024-08-22,SMMA,RG,14600.00,14225.00,14975.00,14225.00,14600.00,700,10185000
2024-08-22,SMMT,RG,720.00,725.00,725.00,710.00,725.00,17200,12408000
2024-08-22,SMRA,RG,620.00,635.00,640.00,620.00,640.00,59153600,37130404500
2024-08-22,SMRU,RG,50.00,0.00,0.00,0.00,50.00,0,0
2024-08-22,SMSM,RG,1910.00,1915.00,1945.00,1905.00,1905.00,2620100,5037146000
2024-08-22,SNLK,RG,500.00,505.00,510.00,496.00,505.00,175800,88637800
2024-08-22,SOCI,RG,175.00,180.00,180.00,175.00,180.00,4440800,784170800
2024-08-22,SOFA,RG,18.00,19.00,19.00,18.00,19.00,31700,587300
2024-08-22,SOHO,RG,665.00,670.00,670.00,635.00,670.00,31200,20497000
2024-08-22,SOLA,RG,50.00,50.00,50.00,50.00,50.00,1615900,80795000
2024-08-22,SONA,RG,1370.00,1360.00,1370.00,1345.00,1360.00,19700,26645000
2024-08-22,SOSS,RG,426.00,430.00,446.00,426.00,426.00,40700,17784000
2024-08-22,SOTS,RG,326.00,328.00,332.00,318.00,330.00,163200,52486800
2024-08-22,SOUL,RG,13.00,14.00,14.00,13.00,13.00,216300,2859400
2024-08-22,SPMA,RG,302.00,304.00,304.00,298.00,304.00,326700,97991400
2024-08-22,SPRE,RG,386.00,380.00,388.00,378.00,380.00,43446100,16626787400
2024-08-22,SPTO,RG,545.00,535.00,545.00,525.00,545.00,564800,305471000
2024-08-22,SQMI,RG,40.00,40.00,40.00,40.00,40.00,699000,27960000
2024-08-22,SRAJ,RG,2390.00,2390.00,2400.00,2360.00,2380.00,348800,833902000
2024-08-22,SRIL,RG,146.00,0.00,0.00,0.00,146.00,0,0
2024-08-22,SRSN,RG,52.00,53.00,54.00,52.00,54.00,2300400,121216300
2024-08-22,SRTG,RG,1785.00,1820.00,1830.00,1785.00,1820.00,17882200,32352422500
2024-08-22,SSIA,RG,1040.00,1060.00,1075.00,1030.00,1065.00,9147400,9517349500
2024-08-22,SSMS,RG,1060.00,1035.00,1060.00,1035.00,1030.00,9744800,10172229500
2024-08-22,SSTM,RG,212.00,0.00,0.00,0.00,212.00,0,0
2024-08-22,STAA,RG,755.00,760.00,760.00,750.00,760.00,7642100,5785056500
2024-08-22,STAR,RG,50.00,0.00,0.00,0.00,50.00,0,0
2024-08-22,STRK,RG,50.00,50.00,50.00,50.00,50.00,40100,2005000
2024-08-22,STTP,RG,12875.00,12850.00,13075.00,12775.00,13100.00,400,5157500
2024-08-22,SUGI,RG,50.00,0.00,0.00,0.00,50.00,0,0
2024-08-22,SULI,RG,102.00,99.00,107.00,99.00,102.00,1005600,102690000
2024-08-22,SUNI,RG,800.00,830.00,830.00,795.00,825.00,10921500,8769257000
2024-08-22,SUPR,RG,43875.00,0.00,0.00,0.00,43875.00,0,0
2024-08-22,SURE,RG,2580.00,2510.00,2590.00,2500.00,2590.00,16100,40799000
2024-08-22,SWAT,RG,12.00,0.00,0.00,0.00,12.00,0,0
2024-08-22,SWID,RG,71.00,71.00,71.00,70.00,71.00,42400,2999700
2024-08-22,TALF,RG,328.00,334.00,334.00,328.00,332.00,3200,1050200
2024-08-22,TAMA,RG,14.00,14.00,14.00,14.00,14.00,25800,361200
2024-08-22,TAMU,RG,30.00,30.00,30.00,30.00,28.00,2494400,74832000
2024-08-22,TAPG,RG,675.00,685.00,685.00,675.00,685.00,5256300,3560626000
2024-08-22,TARA,RG,7.00,8.00,8.00,7.00,8.00,72500,559000
2024-08-22,TAXI,RG,5.00,4.00,5.00,4.00,4.00,5784600,23459100
2024-08-22,TAYS,RG,73.00,75.00,75.00,73.00,74.00,422200,30917600
2024-08-22,TBIG,RG,1915.00,1945.00,1950.00,1910.00,1950.00,2175600,4177216000
2024-08-22,TBLA,RG,640.00,645.00,650.00,635.00,645.00,451500,289119500
2024-08-22,TBMS,RG,925.00,865.00,970.00,850.00,870.00,87900,78142000
2024-08-22,TCID,RG,2550.00,2550.00,2550.00,2550.00,2550.00,2200,5610000
2024-08-22,TCPI,RG,7150.00,7250.00,7275.00,7125.00,7250.00,8449200,60482995000
2024-08-22,TDPM,RG,119.00,0.00,0.00,0.00,119.00,0,0
2024-08-22,TEBE,RG,690.00,700.00,700.00,680.00,700.00,1295100,890886000
2024-08-22,TECH,RG,50.00,0.00,0.00,0.00,50.00,0,0
2024-08-22,TELE,RG,4.00,4.00,4.00,4.00,4.00,1439500,5758000
2024-08-22,TFAS,RG,120.00,115.00,129.00,114.00,117.00,5007800,609064900
2024-08-22,TFCO,RG,635.00,0.00,0.00,0.00,635.00,0,0
2024-08-22,TGKA,RG,6500.00,0.00,0.00,0.00,6500.00,0,0
2024-08-22,TGRA,RG,30.00,31.00,31.00,30.00,32.00,184500,5577400
2024-08-22,TGUK,RG,59.00,50.00,59.00,50.00,58.00,100729000,5768659800
2024-08-22,TIFA,RG,600.00,0.00,0.00,0.00,600.00,0,0
2024-08-22,TINS,RG,1015.00,1025.00,1030.00,1010.00,1025.00,19802100,20183941500
2024-08-22,TIRA,RG,388.00,364.00,388.00,352.00,388.00,16000,6102800
2024-08-22,TIRT,RG,50.00,50.00,50.00,50.00,46.00,2665100,133255000
2024-08-22,TKIM,RG,7350.00,7525.00,7525.00,7300.00,7500.00,2486800,18289257500
2024-08-22,TLDN,RG,460.00,460.00,460.00,456.00,462.00,65300,29946600
2024-08-22,TLKM,RG,2920.00,2940.00,2970.00,2920.00,2970.00,90336300,265303188000
2024-08-22,TMAS,RG,153.00,154.00,156.00,153.00,154.00,3820100,586550600
2024-08-22,TMPO,RG,124.00,91.00,124.00,88.00,92.00,35953800,4207194300
2024-08-22,TNCA,RG,200.00,214.00,222.00,200.00,212.00,3245300,687905400
2024-08-22,TOBA,RG,390.00,410.00,420.00,384.00,394.00,91306600,36873252600
2024-08-22,TOOL,RG,52.00,53.00,53.00,52.00,53.00,61100,3183800
2024-08-22,TOPS,RG,1.00,0.00,0.00,0.00,1.00,0,0
2024-08-22,TOTL,RG,655.00,660.00,670.00,640.00,670.00,6749100,4385997500
2024-08-22,TOTO,RG,218.00,220.00,222.00,218.00,220.00,123600,27021200
2024-08-22,TOWR,RG,805.00,805.00,810.00,790.00,815.00,30676000,24559301500
2024-08-22,TOYS,RG,8.00,0.00,0.00,0.00,8.00,0,0
2024-08-22,TPIA,RG,9475.00,9450.00,9600.00,9425.00,9450.00,15084500,143549665000
2024-08-22,TPMA,RG,665.00,675.00,675.00,665.00,675.00,4544800,3036914000
2024-08-22,TRAM,RG,50.00,0.00,0.00,0.00,50.00,0,0
2024-08-22,TRGU,RG,199.00,202.00,202.00,190.00,202.00,257700,49722700
2024-08-22,TRIL,RG,50.00,0.00,0.00,0.00,50.00,0,0
2024-08-22,TRIM,RG,264.00,266.00,266.00,262.00,264.00,54500,14280600
2024-08-22,TRIN,RG,112.00,112.00,129.00,111.00,111.00,15384700,1841314700
2024-08-22,TRIO,RG,426.00,0.00,0.00,0.00,426.00,0,0
2024-08-22,TRIS,RG,177.00,177.00,177.00,175.00,178.00,163400,28834400
2024-08-22,TRJA,RG,189.00,190.00,193.00,189.00,190.00,376300,71454900
2024-08-22,TRON,RG,92.00,93.00,94.00,89.00,93.00,3316700,304902200
2024-08-22,TRST,RG,490.00,490.00,490.00,490.00,490.00,100,49000
2024-08-22,TRUE,RG,17.00,17.00,17.00,17.00,16.00,2012900,34219300
2024-08-22,TRUK,RG,87.00,87.00,87.00,85.00,87.00,874300,75100500
2024-08-22,TRUS,RG,432.00,420.00,432.00,418.00,432.00,3100,1318200
2024-08-22,TSPC,RG,2550.00,2640.00,2670.00,2500.00,2630.00,20729700,52815530000
2024-08-22,TUGU,RG,1130.00,1150.00,1155.00,1130.00,1150.00,4458900,5077409000
2024-08-22,TYRE,RG,129.00,115.00,131.00,115.00,131.00,140600,18168600
2024-08-22,UANG,RG,498.00,498.00,498.00,498.00,500.00,200,99600
2024-08-22,UCID,RG,945.00,950.00,950.00,940.00,950.00,133200,125523000
2024-08-22,UDNG,RG,53.00,53.00,53.00,52.00,54.00,115800,6076900
2024-08-22,UFOE,RG,276.00,276.00,280.00,274.00,276.00,2044300,566273400
2024-08-22,ULTJ,RG,1815.00,1795.00,1835.00,1775.00,1795.00,4191600,7604476000
2024-08-22,UNIC,RG,7900.00,7600.00,7925.00,7575.00,7700.00,11200,86855000
2024-08-22,UNIQ,RG,625.00,620.00,635.00,615.00,620.00,24925600,15564999000
2024-08-22,UNIT,RG,316.00,0.00,0.00,0.00,316.00,0,0
2024-08-22,UNSP,RG,82.00,84.00,84.00,82.00,84.00,6900,577400
2024-08-22,UNTR,RG,26225.00,25150.00,26375.00,25100.00,25150.00,10021000,258925007500
2024-08-22,UNVR,RG,2350.00,2360.00,2390.00,2330.00,2360.00,23164600,54552031000
2024-08-22,URBN,RG,130.00,129.00,136.00,126.00,129.00,572900,74871100
2024-08-22,UVCR,RG,78.00,78.00,79.00,77.00,78.00,645000,50449600
2024-08-22,VAST,RG,73.00,73.00,74.00,72.00,73.00,775600,56440200
2024-08-22,VICI,RG,620.00,620.00,630.00,610.00,620.00,178700,110741500
2024-08-22,VICO,RG,160.00,150.00,181.00,144.00,158.00,13126100,2169074800
2024-08-22,VINS,RG,134.00,130.00,140.00,130.00,140.00,1813600,246339800
2024-08-22,VISI,RG,388.00,390.00,390.00,388.00,515.00,5454200,2116249600
2024-08-22,VIVA,RG,6.00,0.00,0.00,0.00,6.00,0,0
2024-08-22,VKTR,RG,139.00,141.00,143.00,138.00,140.00,39899400,5587023000
2024-08-22,VOKS,RG,179.00,0.00,0.00,0.00,179.00,0,0
2024-08-22,VRNA,RG,101.00,101.00,101.00,100.00,101.00,95500,9643700
2024-08-22,VTNY,RG,129.00,131.00,131.00,126.00,131.00,13355100,1716540500
2024-08-22,WAPO,RG,103.00,104.00,105.00,100.00,103.00,2324100,238038200
2024-08-22,WEGE,RG,80.00,81.00,82.00,80.00,81.00,13874500,1114393300
2024-08-22,WEHA,RG,117.00,115.00,121.00,114.00,115.00,12886800,1524061900
2024-08-22,WICO,RG,123.00,0.00,0.00,0.00,123.00,0,0
2024-08-22,WIFI,RG,284.00,280.00,294.00,272.00,286.00,100271400,28235092400
2024-08-22,WIIM,RG,950.00,970.00,995.00,945.00,970.00,7384500,7165335000
2024-08-22,WIKA,RG,316.00,320.00,326.00,310.00,324.00,67972100,21575628000
2024-08-22,WINE,RG,308.00,308.00,308.00,300.00,308.00,224200,68003600
2024-08-22,WINR,RG,16.00,16.00,16.00,16.00,15.00,2590000,41440000
2024-08-22,WINS,RG,484.00,498.00,498.00,482.00,498.00,9781100,4769183400
2024-08-22,WIRG,RG,80.00,80.00,82.00,80.00,81.00,30412600,2450505200
2024-08-22,WMPP,RG,12.00,0.00,0.00,0.00,12.00,0,0
2024-08-22,WMUU,RG,11.00,11.00,11.00,11.00,11.00,1043400,11477400
2024-08-22,WOMF,RG,356.00,360.00,362.00,354.00,358.00,38000,13548600
2024-08-22,WOOD,RG,244.00,250.00,250.00,240.00,248.00,5005800,1211401800
2024-08-22,WOWS,RG,35.00,36.00,36.00,35.00,38.00,3575700,125331600
2024-08-22,WSBP,RG,17.00,17.00,17.00,17.00,17.00,5883600,100021200
2024-08-22,WSKT,RG,202.00,0.00,0.00,0.00,202.00,0,0
2024-08-22,WTON,RG,103.00,105.00,107.00,103.00,106.00,15155700,1576065700
2024-08-22,YELO,RG,14.00,13.00,14.00,13.00,14.00,2668400,34930700
2024-08-22,YPAS,RG,290.00,0.00,0.00,0.00,290.00,0,0
2024-08-22,YULE,RG,2500.00,2500.00,2500.00,2500.00,2480.00,500,1250000
2024-08-22,ZATA,RG,9.00,9.00,9.00,9.00,9.00,16391500,147523500
2024-08-22,ZBRA,RG,204.00,185.00,240.00,180.00,183.00,25914900,5594966900
2024-08-22,ZINC,RG,15.00,0.00,0.00,0.00,15.00,0,0
2024-08-22,ZONE,RG,895.00,895.00,895.00,895.00,895.00,7500,6712500
2024-08-22,ZYRX,RG,159.00,161.00,161.00,158.00,158.00,30800,4907500
