Date,Stock Code,Board,Previous Price,Last Price,Open Price,High Price,Low Price,Volume,Value
2022-12-13,AALI,RG,8000.00,7975.00,8000.00,8050.00,7975.00,600100,4795510000
2022-12-13,ABBA,RG,152.00,166.00,152.00,174.00,152.00,57324100,9560879300
2022-12-13,ABDA,RG,6700.00,6700.00,0.00,0.00,0.00,0,0
2022-12-13,ABMM,RG,3540.00,3510.00,3540.00,3550.00,3450.00,879500,3067416000
2022-12-13,ACES,RG,440.00,434.00,440.00,444.00,434.00,75612900,33094814000
2022-12-13,ACST,RG,163.00,165.00,163.00,165.00,161.00,2643400,432070500
2022-12-13,ADCP,RG,67.00,67.00,67.00,69.00,67.00,7248900,489940500
2022-12-13,ADES,RG,7500.00,7500.00,7500.00,7525.00,7425.00,21500,161147500
2022-12-13,ADHI,RG,500.00,500.00,505.00,505.00,500.00,5616100,2814651000
2022-12-13,ADMF,RG,8875.00,8925.00,8900.00,8925.00,8850.00,67800,601820000
2022-12-13,ADMG,RG,151.00,149.00,151.00,152.00,149.00,19900,2987100
2022-12-13,ADMR,RG,1675.00,1675.00,1670.00,1685.00,1655.00,48280000,80457724500
2022-12-13,ADRO,RG,3800.00,3740.00,3790.00,3790.00,3740.00,45076100,169172042000
2022-12-13,AGAR,RG,284.00,288.00,266.00,288.00,266.00,7200,1963400
2022-12-13,AGII,RG,2290.00,2330.00,2280.00,2330.00,2200.00,5830600,13109907000
2022-12-13,AGRO,RG,444.00,456.00,448.00,464.00,444.00,19780700,9043911400
2022-12-13,AGRS,RG,89.00,90.00,89.00,92.00,89.00,7021600,634677800
2022-12-13,AHAP,RG,79.00,79.00,81.00,81.00,78.00,3269100,257515000
2022-12-13,AIMS,RG,220.00,220.00,220.00,220.00,220.00,200,44000
2022-12-13,AISA,RG,154.00,155.00,154.00,156.00,153.00,3286100,507448500
2022-12-13,AKKU,RG,50.00,50.00,50.00,50.00,50.00,300,15000
2022-12-13,AKPI,RG,1355.00,1340.00,1320.00,1350.00,1295.00,8800,11622000
2022-12-13,AKRA,RG,1380.00,1430.00,1390.00,1440.00,1380.00,37882700,53524781000
2022-12-13,AKSI,RG,300.00,300.00,302.00,302.00,298.00,98700,29612200
2022-12-13,ALDO,RG,825.00,835.00,810.00,845.00,810.00,72100,59518500
2022-12-13,ALKA,RG,256.00,250.00,256.00,256.00,250.00,1100,278800
2022-12-13,ALMI,RG,260.00,260.00,260.00,260.00,260.00,3000,780000
2022-12-13,ALTO,RG,66.00,62.00,62.00,62.00,62.00,1817200,112666400
2022-12-13,AMAG,RG,362.00,358.00,364.00,364.00,358.00,16900,6086800
2022-12-13,AMAN,RG,705.00,710.00,705.00,710.00,705.00,101100,71276000
2022-12-13,AMAR,RG,276.00,276.00,340.00,340.00,274.00,22075000,6118962000
2022-12-13,AMFG,RG,5725.00,5750.00,5725.00,5800.00,5650.00,57400,330165000
2022-12-13,AMIN,RG,110.00,114.00,110.00,116.00,110.00,753600,86231200
2022-12-13,AMMS,RG,44.00,45.00,43.00,46.00,42.00,4235000,185781900
2022-12-13,AMOR,RG,1310.00,1310.00,1310.00,1310.00,1310.00,24800,32488000
2022-12-13,AMRT,RG,2550.00,2600.00,2570.00,2650.00,2520.00,36491500,94505007000
2022-12-13,ANDI,RG,50.00,50.00,50.00,50.00,50.00,400,20000
2022-12-13,ANJT,RG,655.00,660.00,650.00,665.00,650.00,2363000,1548830500
2022-12-13,ANTM,RG,1950.00,1930.00,1960.00,1965.00,1930.00,49518600,96024616500
2022-12-13,APEX,RG,248.00,250.00,288.00,288.00,246.00,424800,107504800
2022-12-13,APIC,RG,1110.00,1110.00,1110.00,1125.00,1110.00,3983400,4448332500
2022-12-13,APII,RG,200.00,204.00,202.00,210.00,200.00,638300,130358600
2022-12-13,APLI,RG,179.00,181.00,179.00,182.00,176.00,11300,2014500
2022-12-13,APLN,RG,162.00,163.00,162.00,166.00,162.00,19943500,3270265000
2022-12-13,ARCI,RG,324.00,318.00,326.00,328.00,308.00,2147700,680766000
2022-12-13,ARGO,RG,1070.00,1070.00,0.00,0.00,0.00,0,0
2022-12-13,ARII,RG,300.00,294.00,304.00,308.00,292.00,1476000,434673600
2022-12-13,ARKA,RG,50.00,50.00,50.00,50.00,50.00,5800,290000
2022-12-13,ARKO,RG,655.00,630.00,650.00,655.00,630.00,8560100,5459352000
2022-12-13,ARNA,RG,980.00,990.00,980.00,1000.00,970.00,9584400,9482973500
2022-12-13,ARTA,RG,2130.00,2150.00,2080.00,2190.00,1985.00,20100,42203000
2022-12-13,ARTO,RG,3300.00,4120.00,3300.00,4120.00,3300.00,55075400,215070903000
2022-12-13,ASBI,RG,486.00,505.00,486.00,540.00,486.00,10000,5182000
2022-12-13,ASDM,RG,945.00,950.00,950.00,950.00,950.00,2100,1995000
2022-12-13,ASGR,RG,940.00,940.00,935.00,950.00,920.00,667700,618505000
2022-12-13,ASHA,RG,100.00,100.00,99.00,100.00,96.00,9837900,960198000
2022-12-13,ASII,RG,5675.00,5825.00,5700.00,5900.00,5675.00,102751100,594314920000
2022-12-13,ASJT,RG,122.00,132.00,122.00,132.00,122.00,5400,659800
2022-12-13,ASLC,RG,122.00,129.00,122.00,131.00,120.00,13490300,1708871100
2022-12-13,ASMI,RG,114.00,114.00,114.00,117.00,114.00,498400,57051600
2022-12-13,ASPI,RG,94.00,95.00,93.00,100.00,93.00,15163800,1463152100
2022-12-13,ASRI,RG,166.00,167.00,167.00,168.00,165.00,8015800,1332673600
2022-12-13,ASRM,RG,1515.00,1630.00,1580.00,1635.00,1580.00,15300,24959000
2022-12-13,ASSA,RG,820.00,855.00,820.00,865.00,805.00,6035800,5058217500
2022-12-13,ATAP,RG,83.00,83.00,83.00,84.00,82.00,1547100,127981200
2022-12-13,ATIC,RG,392.00,402.00,390.00,402.00,382.00,10200,3940400
2022-12-13,AUTO,RG,1440.00,1435.00,1455.00,1455.00,1420.00,1705000,2445468000
2022-12-13,AVIA,RG,725.00,735.00,725.00,740.00,720.00,20982400,15363379000
2022-12-13,AXIO,RG,228.00,234.00,228.00,234.00,228.00,10038100,2324120600
2022-12-13,AYLS,RG,105.00,101.00,105.00,106.00,99.00,25890200,2633228300
2022-12-13,BABP,RG,103.00,106.00,104.00,106.00,102.00,43505400,4540634900
2022-12-13,BACA,RG,132.00,135.00,133.00,138.00,131.00,40156600,5403479100
2022-12-13,BAJA,RG,131.00,132.00,131.00,133.00,129.00,199800,26212000
2022-12-13,BALI,RG,800.00,805.00,800.00,810.00,800.00,468500,378338500
2022-12-13,BANK,RG,1430.00,1460.00,1440.00,1490.00,1380.00,37047900,53615067000
2022-12-13,BAPA,RG,96.00,95.00,102.00,102.00,94.00,13437800,1310100500
2022-12-13,BAPI,RG,50.00,50.00,50.00,50.00,50.00,100,5000
2022-12-13,BATA,RG,515.00,515.00,486.00,515.00,486.00,4400,2202100
2022-12-13,BAUT,RG,50.00,50.00,50.00,50.00,50.00,13500,675000
2022-12-13,BAYU,RG,1005.00,1010.00,960.00,1010.00,950.00,7700,7671000
2022-12-13,BBCA,RG,8700.00,8700.00,8625.00,8700.00,8550.00,83504800,721598407500
2022-12-13,BBHI,RG,1780.00,2000.00,1780.00,2060.00,1775.00,6605300,13049329000
2022-12-13,BBKP,RG,112.00,112.00,112.00,115.00,109.00,57897900,6457645300
2022-12-13,BBLD,RG,590.00,585.00,550.00,585.00,550.00,9700,5478500
2022-12-13,BBMD,RG,2020.00,1970.00,1970.00,1970.00,1970.00,100,197000
2022-12-13,BBNI,RG,9525.00,9650.00,9600.00,9650.00,9500.00,18353500,175881267500
2022-12-13,BBRI,RG,4850.00,4970.00,4870.00,4980.00,4840.00,158080300,778753519000
2022-12-13,BBRM,RG,84.00,79.00,84.00,85.00,79.00,17808700,1420584800
2022-12-13,BBSI,RG,4300.00,4250.00,4300.00,4350.00,4160.00,8500,36214000
2022-12-13,BBSS,RG,70.00,70.00,70.00,72.00,67.00,9539300,663413900
2022-12-13,BBTN,RG,1385.00,1400.00,1385.00,1405.00,1385.00,14548000,20310597000
2022-12-13,BBYB,RG,675.00,710.00,680.00,730.00,660.00,148785100,104024200000
2022-12-13,BCAP,RG,80.00,80.00,80.00,84.00,79.00,34139400,2768381800
2022-12-13,BCIC,RG,126.00,128.00,126.00,128.00,125.00,71700,9041400
2022-12-13,BCIP,RG,66.00,66.00,66.00,67.00,65.00,6695700,440473000
2022-12-13,BDMN,RG,2860.00,2850.00,2860.00,2880.00,2810.00,1603400,4557802000
2022-12-13,BEBS,RG,3580.00,3540.00,3590.00,3700.00,3540.00,34898300,125954396000
2022-12-13,BEEF,RG,61.00,60.00,61.00,62.00,59.00,234100,14066400
2022-12-13,BEKS,RG,50.00,50.00,50.00,50.00,50.00,46900,2345000
2022-12-13,BELI,RG,476.00,476.00,478.00,482.00,472.00,745664500,357955533000
2022-12-13,BELL,RG,136.00,136.00,138.00,138.00,134.00,37142700,5041524300
2022-12-13,BESS,RG,185.00,183.00,187.00,187.00,179.00,1660400,302281600
2022-12-13,BEST,RG,136.00,136.00,136.00,138.00,134.00,10169300,1375108100
2022-12-13,BFIN,RG,1120.00,1085.00,1120.00,1120.00,1085.00,9172700,10082969500
2022-12-13,BGTG,RG,90.00,95.00,91.00,96.00,89.00,19882200,1865619700
2022-12-13,BHAT,RG,800.00,810.00,800.00,820.00,800.00,87279500,70787955500
2022-12-13,BHIT,RG,59.00,58.00,60.00,60.00,57.00,329982800,19307404500
2022-12-13,BIKA,RG,113.00,116.00,113.00,116.00,109.00,11700,1352000
2022-12-13,BIKE,RG,206.00,208.00,206.00,208.00,202.00,1106200,226137200
2022-12-13,BIMA,RG,120.00,123.00,127.00,127.00,114.00,776500,93132500
2022-12-13,BINA,RG,3950.00,3940.00,3920.00,3950.00,3920.00,96900,381724000
2022-12-13,BINO,RG,129.00,130.00,128.00,130.00,128.00,2486600,320828100
2022-12-13,BIPI,RG,192.00,188.00,192.00,194.00,188.00,782856100,148800147200
2022-12-13,BIPP,RG,51.00,51.00,51.00,51.00,50.00,8000,400200
2022-12-13,BIRD,RG,1580.00,1560.00,1580.00,1595.00,1555.00,860000,1352354000
2022-12-13,BISI,RG,1605.00,1640.00,1605.00,1650.00,1600.00,53500,87393000
2022-12-13,BJBR,RG,1350.00,1345.00,1350.00,1355.00,1345.00,1337700,1807108500
2022-12-13,BJTM,RG,700.00,705.00,700.00,705.00,695.00,5250100,3674192500
2022-12-13,BKDP,RG,76.00,89.00,81.00,101.00,81.00,79085300,7323836800
2022-12-13,BKSL,RG,50.00,50.00,50.00,50.00,50.00,2524600,126230000
2022-12-13,BKSW,RG,103.00,107.00,103.00,110.00,103.00,13075700,1399644200
2022-12-13,BLTA,RG,50.00,50.00,50.00,50.00,50.00,15100,755000
2022-12-13,BLTZ,RG,2350.00,2580.00,2560.00,2580.00,2560.00,4200,10820000
2022-12-13,BLUE,RG,290.00,288.00,290.00,290.00,286.00,183300,52862400
2022-12-13,BMAS,RG,1185.00,1190.00,1185.00,1220.00,1140.00,24300,29019500
2022-12-13,BMHS,RG,382.00,396.00,398.00,398.00,378.00,2684300,1039970000
2022-12-13,BMRI,RG,9950.00,9900.00,9775.00,10000.00,9775.00,100296100,993979712500
2022-12-13,BMSR,RG,765.00,750.00,785.00,785.00,740.00,179000,135626000
2022-12-13,BMTR,RG,276.00,278.00,276.00,282.00,276.00,61716200,17210966800
2022-12-13,BNBA,RG,1190.00,1210.00,1190.00,1210.00,1175.00,245000,291725000
2022-12-13,BNBR,RG,70.00,67.00,70.00,71.00,67.00,143863600,9809981600
2022-12-13,BNGA,RG,1195.00,1215.00,1200.00,1220.00,1190.00,4945100,5974354000
2022-12-13,BNII,RG,236.00,238.00,236.00,238.00,234.00,352700,83360800
2022-12-13,BNLI,RG,1060.00,1055.00,1060.00,1085.00,1055.00,63400,67384000
2022-12-13,BOBA,RG,177.00,176.00,177.00,187.00,168.00,210700,38356000
2022-12-13,BOGA,RG,1265.00,1280.00,1265.00,1285.00,1265.00,65239100,83167259000
2022-12-13,BOLA,RG,244.00,250.00,244.00,256.00,242.00,1319300,325219000
2022-12-13,BOLT,RG,740.00,765.00,755.00,785.00,755.00,500,384500
2022-12-13,BOSS,RG,85.00,84.00,86.00,87.00,82.00,22040500,1867294800
2022-12-13,BPFI,RG,695.00,690.00,685.00,695.00,680.00,95700,65701000
2022-12-13,BPII,RG,10800.00,10800.00,0.00,0.00,0.00,0,0
2022-12-13,BPTR,RG,220.00,218.00,224.00,230.00,214.00,769000,170099200
2022-12-13,BRAM,RG,8200.00,8175.00,8150.00,8175.00,8150.00,300,2450000
2022-12-13,BRIS,RG,1245.00,1295.00,1245.00,1295.00,1245.00,20326100,25958035500
2022-12-13,BRMS,RG,174.00,171.00,175.00,177.00,171.00,161439600,27955060700
2022-12-13,BRNA,RG,1020.00,1100.00,975.00,1100.00,975.00,2700,2846000
2022-12-13,BRPT,RG,780.00,765.00,780.00,795.00,765.00,83316700,64687958000
2022-12-13,BSBK,RG,232.00,252.00,234.00,262.00,228.00,573151300,141325189400
2022-12-13,BSDE,RG,925.00,920.00,925.00,935.00,915.00,9867800,9090383000
2022-12-13,BSIM,RG,860.00,875.00,860.00,880.00,860.00,11400,9904000
2022-12-13,BSML,RG,422.00,434.00,434.00,456.00,418.00,779300,335395800
2022-12-13,BSSR,RG,4660.00,4660.00,4680.00,4700.00,4590.00,1786000,8301590000
2022-12-13,BTEK,RG,50.00,50.00,0.00,0.00,0.00,0,0
2022-12-13,BTON,RG,448.00,448.00,448.00,450.00,438.00,142400,63714000
2022-12-13,BTPN,RG,2590.00,2600.00,2600.00,2600.00,2580.00,6500,16777000
2022-12-13,BTPS,RG,2860.00,2850.00,2870.00,2880.00,2800.00,3748700,10654000000
2022-12-13,BUAH,RG,920.00,920.00,920.00,955.00,890.00,1388100,1243479500
2022-12-13,BUDI,RG,214.00,218.00,214.00,230.00,214.00,3208200,714169200
2022-12-13,BUKA,RG,262.00,280.00,264.00,284.00,262.00,251753800,69767680600
2022-12-13,BUKK,RG,1065.00,1055.00,1060.00,1060.00,1055.00,700,739000
2022-12-13,BULL,RG,185.00,195.00,187.00,196.00,184.00,292286700,55534645700
2022-12-13,BUMI,RG,176.00,175.00,175.00,179.00,174.00,803136600,142100815700
2022-12-13,BVIC,RG,121.00,124.00,122.00,124.00,121.00,4019200,492708200
2022-12-13,BWPT,RG,67.00,66.00,67.00,67.00,65.00,10183000,668830200
2022-12-13,BYAN,RG,13000.00,13175.00,13025.00,13950.00,13000.00,956100,12709790000
2022-12-13,CAKK,RG,228.00,226.00,230.00,230.00,226.00,3877000,879149400
2022-12-13,CAMP,RG,288.00,288.00,288.00,290.00,286.00,140100,40319200
2022-12-13,CANI,RG,87.00,84.00,83.00,84.00,82.00,39600,3287900
2022-12-13,CARE,RG,452.00,456.00,452.00,460.00,448.00,440342600,200408826400
2022-12-13,CARS,RG,82.00,82.00,82.00,83.00,81.00,17567400,1434661500
2022-12-13,CASA,RG,730.00,745.00,730.00,745.00,725.00,226041100,165781380500
2022-12-13,CASH,RG,100.00,95.00,99.00,101.00,92.00,133500,12725100
2022-12-13,CASS,RG,410.00,408.00,410.00,410.00,408.00,128500,52542600
2022-12-13,CBMF,RG,50.00,50.00,50.00,50.00,50.00,16400,820000
2022-12-13,CBUT,RG,1475.00,1535.00,1475.00,1555.00,1425.00,2356200,3570194500
2022-12-13,CCSI,RG,685.00,685.00,735.00,735.00,670.00,27800,19079000
2022-12-13,CEKA,RG,1950.00,1960.00,1965.00,1965.00,1950.00,4400,8616000
2022-12-13,CENT,RG,126.00,125.00,120.00,127.00,120.00,1149800,143497400
2022-12-13,CFIN,RG,320.00,320.00,320.00,326.00,318.00,1874000,598586200
2022-12-13,CHEM,RG,202.00,199.00,202.00,206.00,190.00,97316400,19271233400
2022-12-13,CINT,RG,222.00,218.00,218.00,218.00,218.00,400,87200
2022-12-13,CITA,RG,3100.00,3050.00,3050.00,3050.00,3050.00,400,1220000
2022-12-13,CITY,RG,144.00,145.00,146.00,150.00,142.00,14600,2104900
2022-12-13,CLAY,RG,645.00,690.00,610.00,710.00,610.00,5100,3146500
2022-12-13,CLEO,RG,535.00,520.00,535.00,535.00,500.00,22038400,11386341000
2022-12-13,CLPI,RG,945.00,940.00,955.00,955.00,940.00,313200,294469000
2022-12-13,CMNP,RG,1790.00,1800.00,1800.00,1820.00,1795.00,34600,62282500
2022-12-13,CMNT,RG,820.00,820.00,820.00,830.00,815.00,48727900,39970296500
2022-12-13,CMPP,RG,174.00,175.00,174.00,176.00,174.00,269000,47050300
2022-12-13,CMRY,RG,4570.00,4500.00,4570.00,4580.00,4470.00,542800,2452349000
2022-12-13,CNKO,RG,50.00,50.00,50.00,50.00,50.00,100,5000
2022-12-13,CNTX,RG,240.00,240.00,0.00,0.00,0.00,0,0
2022-12-13,COAL,RG,166.00,161.00,166.00,168.00,158.00,15827800,2559139800
2022-12-13,COCO,RG,266.00,266.00,262.00,266.00,262.00,432300,114847600
2022-12-13,CPIN,RG,5825.00,5875.00,5825.00,5875.00,5775.00,4282200,25057805000
2022-12-13,CPRI,RG,50.00,50.00,0.00,0.00,0.00,0,0
2022-12-13,CPRO,RG,53.00,54.00,53.00,55.00,53.00,74585300,4012035400
2022-12-13,CRAB,RG,220.00,220.00,220.00,224.00,216.00,4256300,938473400
2022-12-13,CSAP,RG,800.00,800.00,780.00,805.00,750.00,338600,263109000
2022-12-13,CSIS,RG,65.00,65.00,65.00,68.00,62.00,2260500,146186100
2022-12-13,CSRA,RG,570.00,560.00,570.00,575.00,555.00,321300,179219500
2022-12-13,CTBN,RG,1575.00,1525.00,1595.00,1595.00,1525.00,200,312000
2022-12-13,CTRA,RG,1020.00,1005.00,1020.00,1035.00,1005.00,19518100,19805348000
2022-12-13,CTTH,RG,50.00,50.00,50.00,50.00,50.00,500,25000
2022-12-13,DADA,RG,50.00,50.00,50.00,50.00,50.00,400,20000
2022-12-13,DART,RG,179.00,181.00,179.00,183.00,179.00,1300,234600
2022-12-13,DAYA,RG,220.00,222.00,220.00,224.00,220.00,22800,5063800
2022-12-13,DCII,RG,34350.00,34100.00,34100.00,34100.00,34100.00,300,10230000
2022-12-13,DEAL,RG,50.00,50.00,0.00,0.00,0.00,0,0
2022-12-13,DEPO,RG,476.00,486.00,472.00,488.00,458.00,402800,194954200
2022-12-13,DEWA,RG,54.00,55.00,55.00,55.00,54.00,59854500,3257721700
2022-12-13,DEWI,RG,195.00,198.00,195.00,202.00,194.00,75324200,14873576100
2022-12-13,DFAM,RG,100.00,97.00,107.00,107.00,95.00,4065100,394847900
2022-12-13,DGIK,RG,110.00,109.00,110.00,110.00,108.00,18650600,2035018700
2022-12-13,DGNS,RG,244.00,250.00,260.00,260.00,242.00,290200,71648000
2022-12-13,DIGI,RG,50.00,50.00,50.00,50.00,50.00,1700,85000
2022-12-13,DILD,RG,170.00,170.00,170.00,170.00,168.00,2751300,465097700
2022-12-13,DIVA,RG,815.00,860.00,815.00,905.00,800.00,52300,42841000
2022-12-13,DKFT,RG,115.00,114.00,117.00,117.00,112.00,9192500,1050006400
2022-12-13,DLTA,RG,3760.00,3760.00,3770.00,3790.00,3750.00,393200,1478684000
2022-12-13,DMAS,RG,161.00,159.00,161.00,162.00,158.00,29898400,4754555300
2022-12-13,DMMX,RG,1045.00,1050.00,1055.00,1085.00,1050.00,847000,901626500
2022-12-13,DMND,RG,805.00,790.00,785.00,800.00,775.00,30700,23994500
2022-12-13,DNAR,RG,155.00,165.00,160.00,178.00,154.00,7053500,1190895500
2022-12-13,DNET,RG,3750.00,3750.00,3750.00,3750.00,3750.00,1600,6000000
2022-12-13,DOID,RG,316.00,318.00,318.00,320.00,314.00,18241000,5786071200
2022-12-13,DPNS,RG,402.00,408.00,402.00,410.00,400.00,231300,93307400
2022-12-13,DRMA,RG,625.00,610.00,635.00,635.00,605.00,12383100,7607055000
2022-12-13,DSFI,RG,88.00,89.00,88.00,90.00,88.00,845500,74866400
2022-12-13,DSNG,RG,620.00,620.00,625.00,625.00,605.00,21003500,12820681500
2022-12-13,DSSA,RG,39800.00,39800.00,0.00,0.00,0.00,0,0
2022-12-13,DUTI,RG,4030.00,3950.00,4030.00,4030.00,3950.00,6200,24537000
2022-12-13,DVLA,RG,2400.00,2390.00,2400.00,2400.00,2390.00,8500,20321000
2022-12-13,DWGL,RG,177.00,180.00,175.00,180.00,175.00,33700,5932800
2022-12-13,DYAN,RG,88.00,85.00,82.00,88.00,82.00,10577300,884560300
2022-12-13,EAST,RG,95.00,94.00,95.00,95.00,93.00,1389600,130304100
2022-12-13,ECII,RG,515.00,510.00,510.00,510.00,510.00,100,51000
2022-12-13,EDGE,RG,20200.00,20400.00,20200.00,20400.00,20200.00,1500,30340000
2022-12-13,EKAD,RG,274.00,276.00,274.00,278.00,272.00,254400,69933800
2022-12-13,ELPI,RG,208.00,208.00,208.00,208.00,202.00,18591000,3843182400
2022-12-13,ELSA,RG,320.00,322.00,320.00,326.00,320.00,28963000,9340191400
2022-12-13,ELTY,RG,50.00,50.00,50.00,50.00,50.00,2000,100000
2022-12-13,EMDE,RG,125.00,128.00,125.00,128.00,125.00,5200,650300
2022-12-13,EMTK,RG,1045.00,1130.00,1045.00,1170.00,1030.00,86447000,97602111000
2022-12-13,ENAK,RG,1865.00,1870.00,1900.00,1910.00,1870.00,18726900,35586487500
2022-12-13,ENRG,RG,294.00,292.00,294.00,300.00,290.00,147684100,43624877400
2022-12-13,ENZO,RG,66.00,67.00,67.00,69.00,65.00,15693200,1050956100
2022-12-13,EPAC,RG,50.00,50.00,50.00,50.00,50.00,100,5000
2022-12-13,EPMT,RG,2680.00,2690.00,2680.00,2700.00,2680.00,10200,27451000
2022-12-13,ERAA,RG,410.00,400.00,410.00,410.00,400.00,25738300,10366303200
2022-12-13,ERTX,RG,264.00,260.00,266.00,272.00,260.00,3237700,854636800
2022-12-13,ESIP,RG,60.00,60.00,60.00,62.00,59.00,1497200,90470800
2022-12-13,ESSA,RG,1030.00,1015.00,1030.00,1040.00,1010.00,17004500,17421751500
2022-12-13,ESTA,RG,133.00,124.00,133.00,133.00,124.00,23855200,3080904000
2022-12-13,ESTI,RG,56.00,55.00,60.00,60.00,53.00,3873400,212625700
2022-12-13,ETWA,RG,222.00,226.00,222.00,240.00,222.00,115600,26630800
2022-12-13,EURO,RG,206.00,216.00,220.00,222.00,186.00,15099000,3177871600
2022-12-13,EXCL,RG,2070.00,2020.00,2070.00,2100.00,2010.00,29500100,60144811000
2022-12-13,FAPA,RG,4280.00,4270.00,4270.00,4300.00,4260.00,31900,136578000
2022-12-13,FAST,RG,820.00,815.00,830.00,830.00,815.00,2300,1878000
2022-12-13,FASW,RG,6100.00,5925.00,5925.00,5925.00,5925.00,100,592500
2022-12-13,FILM,RG,2100.00,2120.00,2100.00,2130.00,2030.00,3620300,7534894000
2022-12-13,FIMP,RG,92.00,83.00,92.00,93.00,83.00,5612500,494290600
2022-12-13,FIRE,RG,212.00,204.00,198.00,216.00,198.00,3984700,805480800
2022-12-13,FISH,RG,6850.00,6850.00,6600.00,6850.00,6575.00,400,2687500
2022-12-13,FITT,RG,340.00,408.00,340.00,416.00,318.00,24947500,9601280200
2022-12-13,FMII,RG,290.00,292.00,290.00,292.00,288.00,900,261200
2022-12-13,FOOD,RG,124.00,122.00,125.00,125.00,122.00,623500,76849000
2022-12-13,FORU,RG,218.00,224.00,218.00,234.00,214.00,451600,101041600
2022-12-13,FPNI,RG,222.00,214.00,224.00,224.00,214.00,4890600,1059740600
2022-12-13,FREN,RG,68.00,67.00,68.00,68.00,67.00,103933500,7000293800
2022-12-13,FUJI,RG,625.00,625.00,0.00,0.00,0.00,0,0
2022-12-13,GAMA,RG,50.00,50.00,50.00,50.00,50.00,100,5000
2022-12-13,GDST,RG,184.00,197.00,182.00,206.00,182.00,31873400,6286254700
2022-12-13,GDYR,RG,1450.00,1450.00,0.00,0.00,0.00,0,0
2022-12-13,GEMA,RG,274.00,274.00,0.00,0.00,0.00,0,0
2022-12-13,GEMS,RG,6950.00,6975.00,6950.00,7000.00,6950.00,34700,242187500
2022-12-13,GGRM,RG,19050.00,18950.00,19050.00,19100.00,18800.00,1265800,23997547500
2022-12-13,GGRP,RG,560.00,525.00,560.00,575.00,525.00,1114300,595080500
2022-12-13,GHON,RG,1925.00,1925.00,1925.00,1925.00,1925.00,5700,10972500
2022-12-13,GJTL,RG,565.00,550.00,565.00,575.00,550.00,5588200,3112679000
2022-12-13,GLOB,RG,107.00,107.00,107.00,107.00,107.00,1000,107000
2022-12-13,GLVA,RG,550.00,530.00,550.00,550.00,520.00,63800,33993500
2022-12-13,GMFI,RG,61.00,62.00,61.00,62.00,60.00,1528100,92766700
2022-12-13,GMTD,RG,14500.00,14500.00,0.00,0.00,0.00,0,0
2022-12-13,GOLD,RG,332.00,336.00,324.00,336.00,324.00,1200,394600
2022-12-13,GOOD,RG,515.00,515.00,515.00,520.00,505.00,3012500,1541950500
2022-12-13,GOTO,RG,87.00,100.00,81.00,108.00,81.00,26186189000,2494856402500
2022-12-13,GPRA,RG,96.00,100.00,97.00,101.00,97.00,62351500,6186861800
2022-12-13,GPSO,RG,130.00,170.00,127.00,170.00,126.00,155770000,23268859100
2022-12-13,GSMF,RG,82.00,82.00,82.00,83.00,81.00,853200,70324100
2022-12-13,GTSI,RG,57.00,54.00,57.00,58.00,54.00,28369700,1546747600
2022-12-13,GULA,RG,242.00,250.00,240.00,252.00,238.00,7506000,1851622400
2022-12-13,GWSA,RG,141.00,150.00,141.00,152.00,141.00,74100,10788200
2022-12-13,GZCO,RG,95.00,92.00,103.00,103.00,92.00,13236800,1233794800
2022-12-13,HADE,RG,50.00,50.00,50.00,50.00,50.00,300,15000
2022-12-13,HAIS,RG,220.00,222.00,220.00,232.00,216.00,17961800,3998297600
2022-12-13,HATM,RG,338.00,344.00,340.00,344.00,330.00,38950200,13172468200
2022-12-13,HDFA,RG,154.00,155.00,154.00,157.00,150.00,15300,2319500
2022-12-13,HDIT,RG,63.00,64.00,60.00,64.00,60.00,8169200,510207200
2022-12-13,HEAL,RG,1480.00,1510.00,1480.00,1525.00,1470.00,5235400,7888739500
2022-12-13,HELI,RG,248.00,246.00,258.00,258.00,244.00,8300,2036600
2022-12-13,HERO,RG,1500.00,1520.00,1500.00,1600.00,1440.00,27300,41266500
2022-12-13,HEXA,RG,5225.00,5300.00,5225.00,5350.00,5225.00,274900,1455482500
2022-12-13,HITS,RG,555.00,530.00,555.00,555.00,525.00,32300,17388500
2022-12-13,HKMU,RG,50.00,50.00,50.00,50.00,50.00,400,20000
2022-12-13,HMSP,RG,945.00,955.00,945.00,955.00,940.00,6904000,6556230500
2022-12-13,HOKI,RG,105.00,106.00,107.00,107.00,104.00,2542700,268331600
2022-12-13,HOMI,RG,414.00,386.00,402.00,402.00,386.00,4262900,1647041800
2022-12-13,HOPE,RG,52.00,51.00,52.00,53.00,51.00,2966600,151997300
2022-12-13,HRME,RG,51.00,52.00,52.00,52.00,50.00,1097300,55960600
2022-12-13,HRTA,RG,206.00,202.00,206.00,206.00,202.00,6379800,1297821000
2022-12-13,HRUM,RG,1795.00,1770.00,1800.00,1810.00,1755.00,34329100,60932122500
2022-12-13,IATA,RG,127.00,130.00,119.00,130.00,119.00,34597700,4317077500
2022-12-13,IBOS,RG,86.00,87.00,86.00,88.00,86.00,247300,21288500
2022-12-13,IBST,RG,5800.00,5800.00,0.00,0.00,0.00,0,0
2022-12-13,ICBP,RG,10400.00,10300.00,10400.00,10400.00,10200.00,4973500,51180915000
2022-12-13,ICON,RG,64.00,64.00,60.00,66.00,60.00,491700,31522200
2022-12-13,IDEA,RG,56.00,61.00,57.00,61.00,56.00,6695300,399963600
2022-12-13,IDPR,RG,168.00,168.00,168.00,171.00,167.00,81100,13603100
2022-12-13,IFII,RG,159.00,160.00,160.00,160.00,160.00,5700,912000
2022-12-13,IFSH,RG,990.00,990.00,990.00,1040.00,990.00,4400,4362000
2022-12-13,IGAR,RG,474.00,474.00,474.00,476.00,472.00,354000,168380000
2022-12-13,IKAI,RG,50.00,50.00,50.00,50.00,50.00,100,5000
2022-12-13,IKAN,RG,56.00,59.00,56.00,61.00,56.00,7152200,419139600
2022-12-13,IKBI,RG,208.00,208.00,0.00,0.00,0.00,0,0
2022-12-13,IMAS,RG,900.00,910.00,905.00,920.00,895.00,569100,516140000
2022-12-13,IMJS,RG,300.00,300.00,300.00,304.00,294.00,702600,209102600
2022-12-13,IMPC,RG,3310.00,3320.00,3310.00,3330.00,3290.00,1500000,4969585000
2022-12-13,INAF,RG,930.00,935.00,935.00,945.00,930.00,16600,15570500
2022-12-13,INAI,RG,266.00,260.00,266.00,266.00,260.00,5500,1437400
2022-12-13,INAI,RG,266.00,260.00,266.00,266.00,260.00,5500,1437400
2022-12-13,INCF,RG,69.00,68.00,69.00,70.00,65.00,49658800,3362185200
2022-12-13,INCI,RG,690.00,685.00,690.00,690.00,680.00,35300,24138000
2022-12-13,INCO,RG,7350.00,7225.00,7400.00,7400.00,7150.00,9152100,66172835000
2022-12-13,INDF,RG,6975.00,6925.00,6975.00,6975.00,6850.00,5528100,38259900000
2022-12-13,INDO,RG,101.00,97.00,101.00,102.00,97.00,5751300,566961700
2022-12-13,INDR,RG,5925.00,5875.00,5925.00,5925.00,5825.00,52800,309252500
2022-12-13,INDS,RG,2010.00,2020.00,2030.00,2030.00,2020.00,200,405000
2022-12-13,INDX,RG,326.00,304.00,324.00,324.00,304.00,15422800,4740971400
2022-12-13,INDY,RG,2910.00,2890.00,2910.00,2920.00,2870.00,3587700,10367437000
2022-12-13,INKP,RG,9800.00,9575.00,9800.00,9875.00,9575.00,3954900,38324672500
2022-12-13,INOV,RG,134.00,132.00,136.00,136.00,131.00,280600,37292300
2022-12-13,INPC,RG,79.00,80.00,79.00,84.00,78.00,36666000,2965950900
2022-12-13,INPP,RG,370.00,384.00,362.00,400.00,346.00,25000,9015000
2022-12-13,INPS,RG,1005.00,1000.00,1005.00,1010.00,1000.00,8000,8020000
2022-12-13,INRU,RG,660.00,660.00,660.00,660.00,660.00,2700,1782000
2022-12-13,INTD,RG,160.00,154.00,160.00,160.00,154.00,11000,1706800
2022-12-13,INTP,RG,10000.00,10000.00,10075.00,10075.00,9875.00,1814100,18106270000
2022-12-13,IPAC,RG,120.00,129.00,119.00,131.00,116.00,51300,6206900
2022-12-13,IPCC,RG,580.00,600.00,585.00,605.00,585.00,1429600,852034000
2022-12-13,IPCM,RG,278.00,276.00,278.00,278.00,274.00,460800,127512200
2022-12-13,IPOL,RG,148.00,147.00,148.00,149.00,146.00,68600,10108800
2022-12-13,IPPE,RG,165.00,164.00,164.00,174.00,159.00,8602700,1409476300
2022-12-13,IPTV,RG,64.00,66.00,64.00,69.00,63.00,57199800,3813246600
2022-12-13,IRRA,RG,1020.00,1010.00,1015.00,1030.00,1000.00,3508900,3548015000
2022-12-13,ISAP,RG,79.00,72.00,72.00,72.00,72.00,3408400,245404800
2022-12-13,ISAT,RG,5625.00,5500.00,5725.00,5775.00,5425.00,10391500,57360607500
2022-12-13,ISSP,RG,256.00,252.00,256.00,258.00,250.00,3126700,790283800
2022-12-13,ITIC,RG,256.00,252.00,258.00,258.00,244.00,341700,85381200
2022-12-13,ITMA,RG,860.00,820.00,870.00,870.00,810.00,402700,334583500
2022-12-13,ITMG,RG,39900.00,39350.00,39600.00,39675.00,39250.00,1302500,51299205000
2022-12-13,JARR,RG,262.00,244.00,266.00,266.00,244.00,5421200,1332352400
2022-12-13,JAST,RG,88.00,88.00,88.00,89.00,85.00,4403100,382712200
2022-12-13,JAWA,RG,112.00,113.00,108.00,114.00,108.00,719400,80715600
2022-12-13,JAYA,RG,102.00,103.00,102.00,103.00,102.00,1017200,104053100
2022-12-13,JECC,RG,4740.00,4740.00,0.00,0.00,0.00,0,0
2022-12-13,JGLE,RG,50.00,50.00,0.00,0.00,0.00,0,0
2022-12-13,JIHD,RG,358.00,358.00,360.00,360.00,358.00,300,107600
2022-12-13,JKON,RG,124.00,124.00,124.00,128.00,122.00,21439200,2672707400
2022-12-13,JMAS,RG,120.00,117.00,120.00,120.00,117.00,2461600,291769300
2022-12-13,JPFA,RG,1280.00,1285.00,1285.00,1295.00,1265.00,7018300,9002580500
2022-12-13,JRPT,RG,454.00,462.00,454.00,462.00,452.00,1194500,546749800
2022-12-13,JSMR,RG,2880.00,2910.00,2900.00,2930.00,2890.00,5191500,15112640000
2022-12-13,JSPT,RG,845.00,845.00,0.00,0.00,0.00,0,0
2022-12-13,JTPE,RG,268.00,264.00,268.00,268.00,264.00,303200,80661400
2022-12-13,KAEF,RG,1160.00,1150.00,1160.00,1170.00,1145.00,259000,297987000
2022-12-13,KARW,RG,97.00,97.00,93.00,99.00,93.00,1603300,153916300
2022-12-13,KAYU,RG,50.00,50.00,50.00,50.00,50.00,43600,2180000
2022-12-13,KBAG,RG,50.00,50.00,50.00,50.00,50.00,30300,1515000
2022-12-13,KBLI,RG,298.00,298.00,298.00,310.00,290.00,820300,244259600
2022-12-13,KBLM,RG,236.00,238.00,240.00,246.00,234.00,508600,121397800
2022-12-13,KBLV,RG,101.00,104.00,101.00,104.00,99.00,375500,37598900
2022-12-13,KDSI,RG,1000.00,1005.00,1000.00,1030.00,1000.00,8700,8806500
2022-12-13,KDTN,RG,141.00,147.00,141.00,150.00,138.00,9103600,1335566200
2022-12-13,KEEN,RG,625.00,605.00,625.00,635.00,600.00,25963600,16087409000
2022-12-13,KEJU,RG,1390.00,1400.00,1385.00,1400.00,1380.00,4800,6674000
2022-12-13,KETR,RG,236.00,234.00,238.00,244.00,230.00,1425000,333322200
2022-12-13,KIAS,RG,50.00,50.00,0.00,0.00,0.00,0,0
2022-12-13,KICI,RG,200.00,208.00,200.00,208.00,200.00,11600,2364600
2022-12-13,KIJA,RG,146.00,146.00,146.00,146.00,143.00,3140700,454432900
2022-12-13,KINO,RG,1545.00,1560.00,1575.00,1600.00,1550.00,46500,72455000
2022-12-13,KIOS,RG,276.00,276.00,276.00,306.00,272.00,308935000,89827117400
2022-12-13,KJEN,RG,185.00,191.00,185.00,194.00,183.00,10583600,2003691000
2022-12-13,KKES,RG,133.00,133.00,133.00,134.00,128.00,10848200,1428117600
2022-12-13,KKGI,RG,486.00,478.00,488.00,488.00,474.00,1413300,677052400
2022-12-13,KLBF,RG,2150.00,2110.00,2160.00,2170.00,2090.00,24548400,51968173000
2022-12-13,KLIN,RG,41.00,41.00,40.00,41.00,39.00,303800,12164900
2022-12-13,KMDS,RG,550.00,555.00,540.00,560.00,540.00,89100,49657500
2022-12-13,KMTR,RG,288.00,272.00,268.00,278.00,268.00,47900,12863400
2022-12-13,KOBX,RG,372.00,372.00,374.00,374.00,366.00,483600,179588600
2022-12-13,KOIN,RG,135.00,135.00,0.00,0.00,0.00,0,0
2022-12-13,KONI,RG,2620.00,2620.00,2620.00,2620.00,2530.00,900,2340000
2022-12-13,KOPI,RG,640.00,600.00,605.00,605.00,600.00,1300,780500
2022-12-13,KOTA,RG,50.00,50.00,50.00,50.00,50.00,5400,270000
2022-12-13,KPIG,RG,74.00,79.00,75.00,79.00,74.00,25745300,1975284500
2022-12-13,KRAS,RG,334.00,336.00,336.00,338.00,332.00,4480600,1501159400
2022-12-13,KREN,RG,50.00,50.00,50.00,50.00,50.00,463600,23180000
2022-12-13,KRYA,RG,510.00,510.00,510.00,520.00,500.00,29272100,14895623500
2022-12-13,KUAS,RG,54.00,57.00,54.00,57.00,53.00,6118400,332806500
2022-12-13,LABA,RG,98.00,96.00,98.00,99.00,95.00,20016900,1961074400
2022-12-13,LAND,RG,50.00,50.00,50.00,50.00,50.00,93700,4685000
2022-12-13,LCKM,RG,282.00,302.00,300.00,302.00,300.00,8800,2652000
2022-12-13,LEAD,RG,75.00,77.00,76.00,79.00,75.00,26284700,2017576800
2022-12-13,LFLO,RG,58.00,58.00,58.00,58.00,58.00,1000,58000
2022-12-13,LIFE,RG,5525.00,5525.00,0.00,0.00,0.00,0,0
2022-12-13,LINK,RG,2900.00,2820.00,2890.00,2910.00,2770.00,28600,80649000
2022-12-13,LION,RG,498.00,494.00,510.00,510.00,484.00,33300,16358000
2022-12-13,LMPI,RG,126.00,122.00,126.00,129.00,122.00,67000,8292900
2022-12-13,LMSH,RG,670.00,625.00,635.00,715.00,625.00,11300,7173500
2022-12-13,LPCK,RG,995.00,1000.00,1000.00,1005.00,990.00,81300,80808000
2022-12-13,LPGI,RG,5800.00,5875.00,5800.00,5875.00,5800.00,200,1167500
2022-12-13,LPIN,RG,398.00,398.00,398.00,398.00,394.00,148100,58691400
2022-12-13,LPKR,RG,86.00,83.00,86.00,86.00,83.00,33952400,2858052400
2022-12-13,LPLI,RG,286.00,280.00,278.00,280.00,278.00,5500,1536000
2022-12-13,LPPF,RG,4930.00,4980.00,4930.00,5025.00,4880.00,3435800,17092726500
2022-12-13,LPPS,RG,82.00,82.00,82.00,82.00,80.00,14200,1143800
2022-12-13,LRNA,RG,187.00,189.00,188.00,200.00,182.00,31200,6033900
2022-12-13,LSIP,RG,1030.00,1025.00,1030.00,1045.00,1025.00,3417200,3522366000
2022-12-13,LTLS,RG,1365.00,1385.00,1370.00,1405.00,1370.00,110900,152888000
2022-12-13,LUCK,RG,129.00,130.00,135.00,135.00,127.00,166100,21523300
2022-12-13,LUCY,RG,198.00,199.00,197.00,204.00,195.00,1728700,345912700
2022-12-13,MAIN,RG,535.00,535.00,540.00,545.00,535.00,338500,182626000
2022-12-13,MAPA,RG,3900.00,4020.00,3820.00,4070.00,3820.00,507400,2025260000
2022-12-13,MAPB,RG,1855.00,1840.00,1860.00,1860.00,1840.00,65800,122229000
2022-12-13,MAPI,RG,1400.00,1420.00,1400.00,1430.00,1385.00,12159700,17142252000
2022-12-13,MARI,RG,122.00,149.00,123.00,158.00,120.00,176451400,25529970400
2022-12-13,MARK,RG,585.00,600.00,595.00,605.00,585.00,2774500,1651557000
2022-12-13,MASA,RG,2150.00,2140.00,2140.00,2140.00,2140.00,300,642000
2022-12-13,MASB,RG,3620.00,3690.00,3620.00,3700.00,3600.00,96000,345873000
2022-12-13,MAYA,RG,540.00,535.00,540.00,550.00,535.00,292000,157531500
2022-12-13,MBAP,RG,7350.00,7325.00,7350.00,7375.00,7225.00,60000,438245000
2022-12-13,MBSS,RG,1220.00,1220.00,1220.00,1225.00,1210.00,95000,115807000
2022-12-13,MBTO,RG,127.00,127.00,127.00,130.00,119.00,538600,66310400
2022-12-13,MCAS,RG,8875.00,8700.00,8875.00,8900.00,8400.00,258800,2233125000
2022-12-13,MCOL,RG,6550.00,6550.00,6550.00,6675.00,6475.00,235200,1540495000
2022-12-13,MCOR,RG,82.00,83.00,82.00,84.00,82.00,5031100,417399900
2022-12-13,MDIA,RG,55.00,54.00,55.00,56.00,53.00,3443500,186188900
2022-12-13,MDKA,RG,4250.00,4360.00,4290.00,4370.00,4260.00,51723500,223463608000
2022-12-13,MDKI,RG,186.00,187.00,186.00,187.00,185.00,100700,18766500
2022-12-13,MDLN,RG,96.00,92.00,97.00,97.00,90.00,77570400,7075013500
2022-12-13,MDRN,RG,50.00,50.00,0.00,0.00,0.00,0,0
2022-12-13,MEDC,RG,1130.00,1145.00,1135.00,1160.00,1125.00,58104500,66431383000
2022-12-13,MEDS,RG,177.00,166.00,175.00,184.00,165.00,33763500,5663279800
2022-12-13,MEGA,RG,5450.00,5450.00,5475.00,5475.00,5425.00,6300,34315000
2022-12-13,MERK,RG,4690.00,4710.00,4650.00,4750.00,4650.00,15200,71813000
2022-12-13,META,RG,123.00,121.00,124.00,125.00,120.00,6515500,793286300
2022-12-13,MFIN,RG,1690.00,1675.00,1680.00,1680.00,1675.00,30100,50418000
2022-12-13,MFMI,RG,745.00,785.00,745.00,795.00,730.00,83800,64335000
2022-12-13,MGLV,RG,111.00,100.00,112.00,112.00,100.00,25875000,2607493300
2022-12-13,MGRO,RG,790.00,790.00,790.00,800.00,780.00,7529600,5942955000
2022-12-13,MICE,RG,505.00,498.00,500.00,505.00,494.00,331300,164574900
2022-12-13,MIDI,RG,3410.00,3500.00,3410.00,3500.00,3210.00,7100,24160000
2022-12-13,MIKA,RG,3050.00,3060.00,3060.00,3100.00,3020.00,10927800,33629057000
2022-12-13,MINA,RG,75.00,78.00,74.00,80.00,70.00,34596900,2614244600
2022-12-13,MIRA,RG,50.00,50.00,0.00,0.00,0.00,0,0
2022-12-13,MITI,RG,163.00,161.00,165.00,165.00,160.00,1490700,240844500
2022-12-13,MKNT,RG,50.00,50.00,0.00,0.00,0.00,0,0
2022-12-13,MKPI,RG,23600.00,21950.00,23750.00,24500.00,21950.00,35100,827415000
2022-12-13,MKTR,RG,128.00,126.00,129.00,129.00,123.00,62428900,7889447800
2022-12-13,MLBI,RG,9050.00,8975.00,9050.00,9050.00,8900.00,214400,1924012500
2022-12-13,MLIA,RG,535.00,535.00,535.00,540.00,530.00,11647300,6231547500
2022-12-13,MLPL,RG,117.00,121.00,117.00,122.00,117.00,41829400,5023509700
2022-12-13,MLPT,RG,2050.00,2040.00,2050.00,2050.00,2020.00,3200,6533000
2022-12-13,MMIX,RG,242.00,238.00,248.00,248.00,230.00,20774500,4954846200
2022-12-13,MMLP,RG,436.00,462.00,438.00,462.00,424.00,11229900,5067228800
2022-12-13,MNCN,RG,745.00,740.00,745.00,760.00,740.00,24397900,18219485500
2022-12-13,MOLI,RG,252.00,254.00,258.00,258.00,252.00,500,127400
2022-12-13,MORA,RG,560.00,560.00,560.00,565.00,555.00,683600,381717000
2022-12-13,MPMX,RG,1155.00,1145.00,1155.00,1160.00,1135.00,13694700,15719653500
2022-12-13,MPOW,RG,86.00,88.00,86.00,89.00,86.00,1791900,157533100
2022-12-13,MPPA,RG,145.00,157.00,147.00,160.00,145.00,192128800,29401592700
2022-12-13,MPRO,RG,1550.00,1560.00,1560.00,1560.00,1500.00,69400,107449000
2022-12-13,MRAT,RG,790.00,845.00,790.00,870.00,790.00,2207900,1856462000
2022-12-13,MREI,RG,4800.00,4730.00,4800.00,5500.00,4610.00,14900,74329500
2022-12-13,MSIN,RG,4900.00,4890.00,4910.00,4910.00,4740.00,1508000,7349472000
2022-12-13,MSKY,RG,222.00,226.00,222.00,238.00,218.00,296500,66581400
2022-12-13,MTDL,RG,575.00,565.00,575.00,575.00,550.00,8026900,4515108500
2022-12-13,MTEL,RG,770.00,770.00,765.00,780.00,760.00,71560300,55002300500
2022-12-13,MTFN,RG,50.00,50.00,0.00,0.00,0.00,0,0
2022-12-13,MTLA,RG,356.00,358.00,356.00,360.00,356.00,6400,2293200
2022-12-13,MTMH,RG,1650.00,1600.00,1645.00,1645.00,1575.00,5667700,9094197500
2022-12-13,MTPS,RG,101.00,128.00,94.00,132.00,94.00,622230500,75397335400
2022-12-13,MTSM,RG,167.00,166.00,167.00,167.00,156.00,20200,3229500
2022-12-13,MTWI,RG,123.00,123.00,132.00,132.00,120.00,1792300,218434400
2022-12-13,MYOH,RG,1595.00,1645.00,1595.00,1645.00,1570.00,10900,17881000
2022-12-13,MYOR,RG,2510.00,2500.00,2510.00,2530.00,2480.00,1763200,4405514000
2022-12-13,MYTX,RG,55.00,56.00,55.00,56.00,54.00,27500,1506500
2022-12-13,NANO,RG,25.00,24.00,25.00,25.00,23.00,19214100,461825300
2022-12-13,NASA,RG,50.00,50.00,50.00,50.00,50.00,65700,3285000
2022-12-13,NASI,RG,95.00,95.00,98.00,98.00,91.00,1348400,127129300
2022-12-13,NATO,RG,515.00,530.00,515.00,535.00,515.00,227411400,119792229000
2022-12-13,NELY,RG,296.00,298.00,298.00,300.00,294.00,2733400,812160400
2022-12-13,NETV,RG,230.00,226.00,228.00,230.00,220.00,1951400,435992600
2022-12-13,NFCX,RG,7650.00,7700.00,7500.00,8000.00,7125.00,180100,1343967500
2022-12-13,NICK,RG,184.00,178.00,184.00,188.00,173.00,77000,13798000
2022-12-13,NICL,RG,138.00,135.00,131.00,142.00,131.00,53188300,7261621000
2022-12-13,NIKL,RG,750.00,735.00,750.00,750.00,730.00,189500,139651500
2022-12-13,NINE,RG,43.00,39.00,40.00,43.00,39.00,61013000,2442221600
2022-12-13,NIRO,RG,147.00,148.00,145.00,148.00,139.00,22400,3167200
2022-12-13,NISP,RG,725.00,740.00,725.00,740.00,720.00,3382900,2475489500
2022-12-13,NOBU,RG,565.00,565.00,600.00,600.00,535.00,180100,98335000
2022-12-13,NPGF,RG,50.00,50.00,50.00,50.00,50.00,106200,5310000
2022-12-13,NRCA,RG,306.00,308.00,306.00,308.00,304.00,97500,29809600
2022-12-13,NTBK,RG,50.00,50.00,50.00,50.00,50.00,26800,1340000
2022-12-13,NZIA,RG,196.00,210.00,190.00,216.00,188.00,29707600,6130057700
2022-12-13,OASA,RG,790.00,790.00,795.00,795.00,775.00,170400,133762000
2022-12-13,OBMD,RG,199.00,208.00,194.00,230.00,189.00,10966700,2263400900
2022-12-13,OILS,RG,210.00,208.00,210.00,212.00,208.00,720200,151043600
2022-12-13,OKAS,RG,133.00,131.00,125.00,134.00,125.00,7020700,923444600
2022-12-13,OLIV,RG,27.00,27.00,27.00,27.00,26.00,3384700,88161100
2022-12-13,OMED,RG,216.00,206.00,216.00,218.00,206.00,60157600,12654835200
2022-12-13,OMRE,RG,1665.00,1660.00,1665.00,1830.00,1550.00,75800,125219000
2022-12-13,OPMS,RG,107.00,103.00,100.00,107.00,100.00,16157800,1646162700
2022-12-13,PADA,RG,101.00,97.00,98.00,111.00,94.00,225317600,23234519500
2022-12-13,PADI,RG,50.00,50.00,50.00,50.00,50.00,200,10000
2022-12-13,PALM,RG,625.00,630.00,620.00,640.00,615.00,899200,559102500
2022-12-13,PAMG,RG,74.00,74.00,74.00,75.00,72.00,71800,5262100
2022-12-13,PANI,RG,1025.00,1005.00,1025.00,1035.00,990.00,2037600,2052901500
2022-12-13,PANR,RG,350.00,340.00,350.00,352.00,338.00,797400,273689800
2022-12-13,PANS,RG,1955.00,1955.00,1955.00,1980.00,1950.00,99700,195648500
2022-12-13,PBID,RG,1585.00,1580.00,1585.00,1585.00,1575.00,594300,938993500
2022-12-13,PBRX,RG,118.00,115.00,119.00,120.00,114.00,26285200,3058822800
2022-12-13,PBSA,RG,300.00,302.00,302.00,302.00,298.00,188400,56440000
2022-12-13,PCAR,RG,117.00,120.00,119.00,123.00,116.00,6398100,756109300
2022-12-13,PDES,RG,310.00,310.00,310.00,312.00,310.00,409900,127324800
2022-12-13,PDPP,RG,204.00,206.00,204.00,208.00,200.00,57969200,11847519000
2022-12-13,PEGE,RG,434.00,540.00,436.00,540.00,436.00,214000,113672700
2022-12-13,PEHA,RG,735.00,725.00,735.00,735.00,725.00,251500,182612500
2022-12-13,PGAS,RG,1825.00,1820.00,1830.00,1835.00,1815.00,18887700,34414973000
2022-12-13,PGJO,RG,73.00,74.00,74.00,74.00,72.00,5169100,379117700
2022-12-13,PGLI,RG,244.00,244.00,250.00,254.00,242.00,721800,181625200
2022-12-13,PGUN,RG,565.00,580.00,570.00,650.00,530.00,358800,191943000
2022-12-13,PICO,RG,254.00,252.00,260.00,260.00,250.00,1626900,412691600
2022-12-13,PJAA,RG,700.00,700.00,705.00,715.00,695.00,56000,39238000
2022-12-13,PKPK,RG,234.00,238.00,222.00,244.00,222.00,2283900,532723200
2022-12-13,PLAN,RG,29.00,29.00,29.00,29.00,28.00,653100,18313300
2022-12-13,PLIN,RG,2150.00,2150.00,2150.00,2150.00,2150.00,200,430000
2022-12-13,PMJS,RG,160.00,160.00,161.00,161.00,158.00,193200,30893400
2022-12-13,PMMP,RG,336.00,350.00,336.00,352.00,334.00,6957900,2362478400
2022-12-13,PNBN,RG,1765.00,1750.00,1780.00,1800.00,1715.00,2749100,4786541000
2022-12-13,PNBS,RG,68.00,67.00,68.00,69.00,67.00,20486300,1385864300
2022-12-13,PNGO,RG,1260.00,1300.00,1260.00,1300.00,1260.00,1300,1648500
2022-12-13,PNIN,RG,1445.00,1430.00,1455.00,1465.00,1400.00,1828900,2605260000
2022-12-13,PNLF,RG,460.00,448.00,460.00,468.00,444.00,65328800,29503657800
2022-12-13,PNSE,RG,418.00,418.00,0.00,0.00,0.00,0,0
2022-12-13,POLA,RG,89.00,89.00,89.00,91.00,87.00,1447600,128525800
2022-12-13,POLI,RG,895.00,895.00,935.00,935.00,870.00,5100,4552500
2022-12-13,POLL,RG,222.00,222.00,216.00,228.00,208.00,5072000,1111016600
2022-12-13,POLU,RG,318.00,314.00,334.00,380.00,314.00,22000,7586600
2022-12-13,POLY,RG,55.00,57.00,56.00,58.00,55.00,569300,32283700
2022-12-13,PORT,RG,870.00,870.00,875.00,925.00,870.00,4400,3848500
2022-12-13,POWR,RG,665.00,670.00,665.00,670.00,660.00,2262500,1500753500
2022-12-13,PPGL,RG,127.00,125.00,126.00,127.00,124.00,495800,62071000
2022-12-13,PPRE,RG,128.00,127.00,128.00,131.00,127.00,1500100,192937300
2022-12-13,PPRO,RG,50.00,50.00,50.00,50.00,50.00,870300,43515000
2022-12-13,PRAS,RG,153.00,152.00,153.00,153.00,152.00,278100,42368700
2022-12-13,PRAY,RG,750.00,735.00,750.00,750.00,730.00,426400,313820500
2022-12-13,PRDA,RG,5625.00,5700.00,5725.00,5725.00,5525.00,1341800,7564220000
2022-12-13,PRIM,RG,194.00,194.00,194.00,198.00,191.00,111900,21598700
2022-12-13,PSAB,RG,112.00,112.00,112.00,112.00,110.00,2018700,223187800
2022-12-13,PSDN,RG,80.00,83.00,80.00,85.00,78.00,1667600,134489100
2022-12-13,PSGO,RG,146.00,142.00,146.00,146.00,141.00,134900,19159100
2022-12-13,PSKT,RG,70.00,69.00,71.00,72.00,68.00,10429600,720318900
2022-12-13,PSSI,RG,580.00,590.00,580.00,600.00,580.00,1162500,687668000
2022-12-13,PTBA,RG,3800.00,3720.00,3800.00,3800.00,3720.00,13065900,48929248000
2022-12-13,PTDU,RG,56.00,55.00,56.00,56.00,54.00,2183200,120238800
2022-12-13,PTIS,RG,248.00,238.00,244.00,248.00,232.00,13200,3141600
2022-12-13,PTPP,RG,805.00,780.00,805.00,815.00,780.00,25551700,20221717000
2022-12-13,PTPW,RG,900.00,900.00,905.00,905.00,890.00,1264100,1132191500
2022-12-13,PTRO,RG,4010.00,4030.00,4010.00,4150.00,4000.00,279400,1122272000
2022-12-13,PTSN,RG,195.00,194.00,194.00,197.00,190.00,169400,32451400
2022-12-13,PTSP,RG,3190.00,3300.00,3300.00,3300.00,3300.00,100,330000
2022-12-13,PUDP,RG,400.00,384.00,400.00,400.00,384.00,4600,1836800
2022-12-13,PURA,RG,50.00,50.00,50.00,50.00,50.00,5200,260000
2022-12-13,PURI,RG,320.00,298.00,320.00,320.00,298.00,277700,83228000
2022-12-13,PWON,RG,476.00,470.00,476.00,478.00,470.00,16148100,7640962800
2022-12-13,PYFA,RG,970.00,940.00,940.00,955.00,940.00,3300,3104000
2022-12-13,PZZA,RG,515.00,515.00,515.00,515.00,510.00,160500,82083500
2022-12-13,RAFI,RG,143.00,149.00,144.00,154.00,140.00,83858800,12523051300
2022-12-13,RAJA,RG,945.00,955.00,945.00,955.00,925.00,4565500,4290839500
2022-12-13,RALS,RG,570.00,570.00,575.00,575.00,565.00,2081400,1186958000
2022-12-13,RANC,RG,815.00,800.00,825.00,825.00,785.00,174600,138012000
2022-12-13,RANC,RG,815.00,800.00,825.00,825.00,785.00,174600,138012000
2022-12-13,RBMS,RG,50.00,50.00,50.00,50.00,50.00,119000,5950000
2022-12-13,RCCC,RG,100.00,101.00,100.00,101.00,98.00,4360400,435882900
2022-12-13,RDTX,RG,8800.00,8800.00,0.00,0.00,0.00,0,0
2022-12-13,REAL,RG,50.00,50.00,50.00,50.00,50.00,18600,930000
2022-12-13,RELI,RG,590.00,585.00,550.00,585.00,550.00,2000,1117000
2022-12-13,RICY,RG,89.00,89.00,94.00,94.00,88.00,652800,57829400
2022-12-13,RIGS,RG,515.00,515.00,515.00,520.00,494.00,575300,292917000
2022-12-13,RISE,RG,1080.00,1010.00,1080.00,1080.00,1010.00,354300,365113500
2022-12-13,RMKE,RG,920.00,960.00,920.00,975.00,915.00,14395300,13631974000
2022-12-13,ROCK,RG,352.00,352.00,0.00,0.00,0.00,0,0
2022-12-13,RODA,RG,72.00,71.00,76.00,76.00,69.00,232400,16271600
2022-12-13,ROTI,RG,1280.00,1255.00,1265.00,1265.00,1250.00,438600,550876000
2022-12-13,RSGK,RG,1095.00,1115.00,1095.00,1150.00,1085.00,5300,5807500
2022-12-13,RUIS,RG,199.00,199.00,199.00,214.00,197.00,283100,58801600
2022-12-13,RUNS,RG,165.00,167.00,162.00,174.00,160.00,494300,83151700
2022-12-13,SAFE,RG,204.00,214.00,206.00,220.00,204.00,1355100,287328600
2022-12-13,SAME,RG,272.00,274.00,272.00,276.00,270.00,1664500,452973400
2022-12-13,SAMF,RG,492.00,500.00,492.00,505.00,492.00,267000,133127200
2022-12-13,SAPX,RG,740.00,735.00,740.00,740.00,735.00,1200,887000
2022-12-13,SATU,RG,70.00,70.00,70.00,70.00,69.00,880100,61193900
2022-12-13,SBAT,RG,50.00,50.00,50.00,50.00,50.00,1200,60000
2022-12-13,SBMA,RG,208.00,204.00,208.00,208.00,204.00,1232900,252171400
2022-12-13,SCCO,RG,8475.00,8500.00,8475.00,8500.00,8200.00,4500,37660000
2022-12-13,SCMA,RG,210.00,216.00,210.00,218.00,208.00,96207800,20634799800
2022-12-13,SCNP,RG,240.00,240.00,238.00,240.00,238.00,15800,3770400
2022-12-13,SDMU,RG,69.00,69.00,69.00,72.00,67.00,10030300,697674700
2022-12-13,SDPC,RG,220.00,250.00,222.00,250.00,214.00,38358000,9125043400
2022-12-13,SDRA,RG,575.00,575.00,575.00,580.00,570.00,334900,192510000
2022-12-13,SEMA,RG,121.00,120.00,121.00,125.00,119.00,2744500,331388900
2022-12-13,SFAN,RG,1980.00,2000.00,1980.00,2000.00,1980.00,884600,1758127500
2022-12-13,SGER,RG,675.00,685.00,675.00,700.00,675.00,946600,649937000
2022-12-13,SGRO,RG,2100.00,2100.00,2100.00,2100.00,2070.00,19500,40696000
2022-12-13,SHID,RG,2400.00,2400.00,2400.00,2400.00,2290.00,2636200,6242510000
2022-12-13,SHIP,RG,850.00,905.00,850.00,940.00,845.00,288200,256454500
2022-12-13,SICO,RG,164.00,162.00,155.00,167.00,155.00,3220300,522913700
2022-12-13,SIDO,RG,770.00,760.00,770.00,770.00,755.00,4848700,3698422500
2022-12-13,SILO,RG,1290.00,1265.00,1290.00,1295.00,1265.00,274300,347977500
2022-12-13,SIMP,RG,414.00,420.00,414.00,438.00,414.00,3721200,1588264400
2022-12-13,SINI,RG,925.00,865.00,925.00,925.00,865.00,1971800,1718598500
2022-12-13,SIPD,RG,1310.00,1310.00,0.00,0.00,0.00,0,0
2022-12-13,SKBM,RG,398.00,374.00,400.00,400.00,374.00,27700,10624800
2022-12-13,SKLT,RG,1915.00,1985.00,1940.00,1985.00,1940.00,300,587000
2022-12-13,SKRN,RG,2170.00,2280.00,2110.00,2280.00,2100.00,13100,27592000
2022-12-13,SLIS,RG,242.00,230.00,242.00,248.00,228.00,37357000,8714358600
2022-12-13,SMAR,RG,5075.00,5000.00,5075.00,5100.00,5000.00,39000,196052500
2022-12-13,SMBR,RG,386.00,398.00,390.00,402.00,386.00,2885100,1147222600
2022-12-13,SMCB,RG,1430.00,1420.00,1430.00,1430.00,1420.00,623500,888489500
2022-12-13,SMDM,RG,190.00,190.00,186.00,192.00,186.00,965100,183708600
2022-12-13,SMDR,RG,2010.00,1970.00,2020.00,2050.00,1955.00,5645000,11214362500
2022-12-13,SMGR,RG,6725.00,7000.00,6725.00,7100.00,6725.00,13118500,91627112500
2022-12-13,SMKL,RG,266.00,268.00,268.00,268.00,264.00,60000,15909600
2022-12-13,SMKM,RG,545.00,555.00,535.00,555.00,535.00,236400,128487000
2022-12-13,SMMA,RG,12450.00,12450.00,0.00,0.00,0.00,0,0
2022-12-13,SMMT,RG,690.00,690.00,690.00,710.00,680.00,362300,249257500
2022-12-13,SMRA,RG,640.00,630.00,640.00,650.00,630.00,14913400,9495505000
2022-12-13,SMSM,RG,1550.00,1590.00,1550.00,1595.00,1540.00,5144200,8107274000
2022-12-13,SNLK,RG,1100.00,1090.00,1090.00,1110.00,1080.00,3727000,4083185500
2022-12-13,SOCI,RG,189.00,188.00,189.00,191.00,187.00,1619400,304419200
2022-12-13,SOFA,RG,28.00,28.00,28.00,28.00,27.00,212600,5764500
2022-12-13,SOHO,RG,5675.00,5675.00,0.00,0.00,0.00,0,0
2022-12-13,SONA,RG,4400.00,4400.00,0.00,0.00,0.00,0,0
2022-12-13,SOSS,RG,498.00,494.00,498.00,498.00,464.00,28200,13340400
2022-12-13,SOTS,RG,314.00,330.00,314.00,330.00,294.00,1219000,358407000
2022-12-13,SPMA,RG,540.00,530.00,540.00,545.00,530.00,217000,115664500
2022-12-13,SPTO,RG,550.00,550.00,550.00,555.00,545.00,93500,51465500
2022-12-13,SQMI,RG,73.00,74.00,75.00,75.00,72.00,3049300,222670800
2022-12-13,SRAJ,RG,715.00,725.00,705.00,725.00,690.00,3032200,2166708500
2022-12-13,SRSN,RG,52.00,52.00,52.00,52.00,51.00,358100,18298200
2022-12-13,SRTG,RG,2640.00,2640.00,2660.00,2660.00,2610.00,11509600,30280734000
2022-12-13,SSIA,RG,296.00,290.00,296.00,298.00,290.00,5515200,1614479600
2022-12-13,SSMS,RG,1560.00,1540.00,1565.00,1595.00,1530.00,963700,1506241000
2022-12-13,SSTM,RG,750.00,750.00,0.00,0.00,0.00,0,0
2022-12-13,STAA,RG,1030.00,1045.00,1020.00,1055.00,1020.00,6354700,6596672000
2022-12-13,STAR,RG,140.00,140.00,139.00,145.00,139.00,6200,866800
2022-12-13,STTP,RG,7500.00,7500.00,0.00,0.00,0.00,0,0
2022-12-13,SULI,RG,172.00,174.00,182.00,182.00,171.00,8468800,1489731400
2022-12-13,SUPR,RG,37500.00,37500.00,37500.00,37500.00,37500.00,600,22500000
2022-12-13,SURE,RG,1535.00,1535.00,0.00,0.00,0.00,0,0
2022-12-13,SWAT,RG,51.00,50.00,56.00,56.00,50.00,735200,36796100
2022-12-13,SWID,RG,93.00,93.00,93.00,95.00,92.00,1354500,126076000
2022-12-13,TALF,RG,292.00,308.00,292.00,310.00,290.00,3000,884000
2022-12-13,TAMA,RG,50.00,50.00,50.00,50.00,50.00,100,5000
2022-12-13,TAMU,RG,50.00,50.00,50.00,50.00,50.00,200,10000
2022-12-13,TAPG,RG,660.00,660.00,660.00,660.00,650.00,4738700,3112550500
2022-12-13,TARA,RG,50.00,50.00,50.00,50.00,50.00,6400,320000
2022-12-13,TAXI,RG,50.00,50.00,50.00,50.00,50.00,100000,5000000
2022-12-13,TAYS,RG,690.00,690.00,690.00,740.00,680.00,23250600,16090385500
2022-12-13,TBIG,RG,2320.00,2300.00,2350.00,2350.00,2290.00,19846700,45836997000
2022-12-13,TBLA,RG,690.00,680.00,695.00,695.00,675.00,1172600,802963500
2022-12-13,TBMS,RG,1620.00,1615.00,1615.00,1620.00,1545.00,103500,160561000
2022-12-13,TCID,RG,6025.00,6000.00,6000.00,6000.00,6000.00,3600,21600000
2022-12-13,TCPI,RG,8400.00,8500.00,8425.00,8500.00,8050.00,11180100,91118247500
2022-12-13,TEBE,RG,830.00,860.00,830.00,860.00,825.00,2068400,1757662500
2022-12-13,TECH,RG,4100.00,4140.00,4000.00,4140.00,3850.00,4200400,16383994000
2022-12-13,TELE,RG,50.00,50.00,50.00,50.00,50.00,600,30000
2022-12-13,TFAS,RG,3150.00,3220.00,3150.00,3260.00,3150.00,2700,8600000
2022-12-13,TFCO,RG,695.00,695.00,0.00,0.00,0.00,0,0
2022-12-13,TGKA,RG,7200.00,7100.00,7200.00,7200.00,7100.00,1800,12920000
2022-12-13,TGRA,RG,50.00,50.00,50.00,50.00,50.00,241300,12065000
2022-12-13,TIFA,RG,488.00,486.00,486.00,486.00,486.00,7600,3693600
2022-12-13,TINS,RG,1175.00,1175.00,1180.00,1190.00,1165.00,4901300,5758149500
2022-12-13,TIRA,RG,422.00,398.00,394.00,420.00,394.00,900,363000
2022-12-13,TIRT,RG,53.00,53.00,53.00,54.00,52.00,1757100,92834600
2022-12-13,TKIM,RG,7875.00,7900.00,7900.00,7975.00,7825.00,1302700,10296052500
2022-12-13,TLDN,RG,575.00,575.00,575.00,575.00,570.00,57900,33240500
2022-12-13,TLKM,RG,3700.00,3750.00,3690.00,3790.00,3680.00,202138600,760081634000
2022-12-13,TMAS,RG,1970.00,1995.00,1970.00,1995.00,1950.00,521000,1027138500
2022-12-13,TMPO,RG,119.00,117.00,117.00,118.00,115.00,96500,11283600
2022-12-13,TNCA,RG,310.00,314.00,298.00,330.00,298.00,620700,197787200
2022-12-13,TOBA,RG,630.00,635.00,635.00,640.00,625.00,3691900,2324620000
2022-12-13,TOOL,RG,79.00,78.00,79.00,82.00,78.00,7496500,594661800
2022-12-13,TOPS,RG,50.00,50.00,50.00,50.00,50.00,100200,5010000
2022-12-13,TOTL,RG,308.00,304.00,310.00,312.00,300.00,1618300,492589400
2022-12-13,TOTO,RG,276.00,280.00,276.00,280.00,276.00,797200,222313800
2022-12-13,TOWR,RG,1090.00,1100.00,1090.00,1115.00,1090.00,53580400,59163690500
2022-12-13,TOYS,RG,70.00,69.00,70.00,72.00,68.00,8980300,627045800
2022-12-13,TPIA,RG,2420.00,2460.00,2420.00,2460.00,2380.00,13125200,31684410000
2022-12-13,TPMA,RG,466.00,490.00,466.00,494.00,462.00,15286100,7370346000
2022-12-13,TRGU,RG,228.00,228.00,228.00,228.00,222.00,12086700,2728252200
2022-12-13,TRIM,RG,242.00,240.00,244.00,248.00,230.00,3734400,877348600
2022-12-13,TRIN,RG,322.00,312.00,322.00,326.00,304.00,10741900,3369556600
2022-12-13,TRIS,RG,208.00,195.00,206.00,208.00,194.00,8728100,1717775700
2022-12-13,TRJA,RG,224.00,226.00,224.00,230.00,224.00,31163800,7069733400
2022-12-13,TRST,RG,705.00,720.00,705.00,720.00,705.00,9400,6703000
2022-12-13,TRUE,RG,50.00,50.00,50.00,51.00,50.00,4673100,234552800
2022-12-13,TRUK,RG,107.00,107.00,112.00,112.00,105.00,663700,70970500
2022-12-13,TRUS,RG,380.00,400.00,400.00,400.00,390.00,700,275000
2022-12-13,TSPC,RG,1385.00,1390.00,1385.00,1395.00,1370.00,623100,862601500
2022-12-13,TUGU,RG,1605.00,1740.00,1605.00,1740.00,1585.00,1518400,2548273000
2022-12-13,UANG,RG,855.00,925.00,830.00,1065.00,825.00,299400,281049500
2022-12-13,UCID,RG,1080.00,1105.00,1090.00,1135.00,1090.00,56100,62342500
2022-12-13,UFOE,RG,264.00,246.00,246.00,262.00,246.00,10809000,2659990000
2022-12-13,ULTJ,RG,1415.00,1425.00,1415.00,1425.00,1410.00,316300,448609000
2022-12-13,UNIC,RG,10150.00,10125.00,9925.00,10125.00,9925.00,400,4010000
2022-12-13,UNIQ,RG,62.00,62.00,62.00,62.00,60.00,2359600,144013900
2022-12-13,UNSP,RG,136.00,136.00,136.00,137.00,130.00,57100,7582600
2022-12-13,UNTR,RG,26875.00,26825.00,26850.00,27125.00,26600.00,4254000,113973847500
2022-12-13,UNVR,RG,4690.00,4720.00,4700.00,4720.00,4630.00,10336200,48389083000
2022-12-13,URBN,RG,180.00,177.00,177.00,180.00,177.00,1500,266000
2022-12-13,UVCR,RG,117.00,118.00,117.00,124.00,115.00,1187600,141014400
2022-12-13,VICI,RG,490.00,476.00,490.00,494.00,476.00,472000,231688000
2022-12-13,VICO,RG,165.00,163.00,173.00,173.00,162.00,687700,114718300
2022-12-13,VINS,RG,154.00,146.00,152.00,153.00,144.00,185700,27458900
2022-12-13,VIVA,RG,50.00,50.00,50.00,50.00,50.00,71600,3580000
2022-12-13,VOKS,RG,140.00,140.00,140.00,140.00,135.00,10000,1399100
2022-12-13,VRNA,RG,112.00,114.00,113.00,116.00,111.00,427700,48660300
2022-12-13,WAPO,RG,290.00,270.00,292.00,308.00,270.00,28095500,8374334800
2022-12-13,WEGE,RG,157.00,157.00,157.00,158.00,155.00,861300,134725400
2022-12-13,WEHA,RG,106.00,105.00,107.00,108.00,105.00,1760800,186421300
2022-12-13,WICO,RG,398.00,398.00,0.00,0.00,0.00,0,0
2022-12-13,WIFI,RG,146.00,145.00,145.00,150.00,145.00,61056700,9068460100
2022-12-13,WIIM,RG,705.00,730.00,710.00,750.00,705.00,3231700,2369229000
2022-12-13,WIKA,RG,815.00,810.00,820.00,830.00,810.00,14246800,11657686500
2022-12-13,WINR,RG,50.00,50.00,50.00,50.00,50.00,23100,1155000
2022-12-13,WINS,RG,312.00,332.00,298.00,334.00,298.00,11880500,3828843400
2022-12-13,WIRG,RG,147.00,145.00,150.00,155.00,141.00,126430900,18582701100
2022-12-13,WMPP,RG,101.00,96.00,102.00,103.00,96.00,61935900,6277396800
2022-12-13,WMUU,RG,93.00,96.00,93.00,97.00,93.00,25255100,2381168700
2022-12-13,WOMF,RG,266.00,262.00,266.00,268.00,262.00,240600,63712200
2022-12-13,WOOD,RG,376.00,376.00,376.00,378.00,370.00,4586300,1723363200
2022-12-13,WOWS,RG,50.00,50.00,50.00,50.00,50.00,3900,195000
2022-12-13,WSKT,RG,368.00,362.00,368.00,374.00,360.00,16207100,5908482600
2022-12-13,WTON,RG,198.00,198.00,198.00,200.00,196.00,3067500,605861800
2022-12-13,YELO,RG,76.00,80.00,76.00,80.00,76.00,8740600,685479900
2022-12-13,YPAS,RG,630.00,630.00,605.00,680.00,600.00,14800,9301500
2022-12-13,YULE,RG,2100.00,2100.00,0.00,0.00,0.00,0,0
2022-12-13,ZATA,RG,122.00,122.00,114.00,129.00,114.00,100790800,11892557300
2022-12-13,ZBRA,RG,535.00,540.00,530.00,545.00,530.00,641400,346603500
2022-12-13,ZINC,RG,50.00,50.00,50.00,50.00,50.00,465800,23290000
2022-12-13,ZONE,RG,1170.00,1170.00,1170.00,1175.00,1160.00,48800,56883500
2022-12-13,ZYRX,RG,394.00,398.00,392.00,398.00,390.00,270900,106450200
